actions
	{
		Global.Path_Nodes = Array(Vector(32.132, 13.550, -24.889), Vector(28.919, 13.550, -17.863), Vector(25.189, 13.549, -25.159),
			Vector(19.668, 13.166, -22.566), Vector(22.400, 12.992, -15.546), Vector(27.490, 13.628, -14.704), Vector(27.275, 18.550,
			-2.963), Vector(27.731, 18.525, -13.877), Vector(22.019, 18.497, -23.363), Vector(15.920, 18.546, -1.631), Vector(15.436,
			18.549, 2.262), Vector(11.476, 18.549, 5.333), Vector(15.962, 18.549, 7.717), Vector(15.833, 18.524, 12.857), Vector(27.810,
			18.550, 12.620), Vector(27.166, 18.521, 23.572), Vector(20.858, 18.493, 34.363), Vector(27.423, 13.428, 26.458), Vector(22.755,
			13.480, 33.743), Vector(28.218, 13.550, 36.067), Vector(30.741, 13.550, 29.105), Vector(35.763, 13.550, 36.967), Vector(5.010,
			18.550, 1.580), Vector(1.472, 18.549, 5.007), Vector(5.065, 18.550, 8.072), Vector(4.303, 13.827, 4.890), Vector(-2.378,
			19.466, 5.025), Vector(-6.971, 19.550, 28.567), Vector(-3.421, 19.637, 26.359), Vector(-1.550, 19.612, 29.340), Vector(-16.983,
			19.640, 24.639), Vector(-20.073, 19.429, 26.126), Vector(-14.502, 19.550, 27.412), Vector(-8.967, 19.550, 24.549), Vector(
			-7.126, 19.550, -19.430), Vector(-3.871, 19.638, -16.848), Vector(-1.970, 19.630, -19.702), Vector(-16.957, 19.644, -15.248),
			Vector(-19.823, 19.509, -16.952), Vector(-14.906, 19.550, -18.012), Vector(-9.642, 19.550, -15.423), Vector(-10.188, 14.548,
			29.339), Vector(-3.055, 14.465, 25.929), Vector(13.600, 12.948, 24.400), Vector(13.546, 12.536, 32.850), Vector(0.388, 12.356,
			35.329), Vector(-6.976, 14.808, 19.420), Vector(-16.747, 14.496, 24.561), Vector(0.962, 14.494, 31.132), Vector(21.189, 12.917,
			19.729), Vector(-16.922, 14.499, -14.172), Vector(-7.730, 14.744, -9.201), Vector(-3.633, 14.509, -16.658), Vector(-12.743,
			14.613, -19.540), Vector(3.684, 14.050, -3.919), Vector(-1.118, 14.315, -9.114), Vector(-4.077, 14.414, -1.272), Vector(
			-13.555, 14.835, -3.854), Vector(-21.877, 14.279, -7.432), Vector(-20.372, 13.975, 0.386), Vector(-25.299, 13.641, 1.853),
			Vector(2.562, 13.696, -15.247), Vector(10.258, 13.206, -12.527), Vector(16.807, 13.414, -5.707), Vector(11.521, 14.028,
			-7.796), Vector(15.950, 13.183, -13.759), Vector(13.997, 12.433, -19.785), Vector(-0.104, 12.353, -25.295), Vector(-5.418,
			14.621, 5.201), Vector(-4.647, 14.550, 11.062), Vector(-12.551, 14.850, 12.885), Vector(-20.021, 14.751, 17.329), Vector(
			-21.107, 13.796, 10.248), Vector(-26.076, 14.061, 11.231), Vector(-21.141, 13.641, 5.440), Vector(8.487, 13.796, 20.424),
			Vector(13.529, 14.377, 15.461), Vector(4.293, 14.050, 14.295), Vector(0.026, 14.360, 17.419), Vector(2.776, 13.673, 24.986));
		Global.Healthkits = Array(Vector(8.137, 18.550, 5), Vector(-12.038, 14.613, -21.462), Vector(-11.561, 14.550, 31.744), Vector(
			18.271, 10.550, 4.895));
		Global.Staircase_Top = Array(Vector(32.855, 18.550, -2.131), Vector(12.188, 19.269, -4.976), Vector(12.521, 19.266, 15.447),
			Vector(33.728, 18.550, 12.122), Vector(-5.874, 14.550, 29.521), Vector(-5.526, 19.550, 31.783), Vector(-4.072, 19.612, 5.104),
			Vector(-4.594, 19.812, 5.227), Vector(-4.276, 19.770, 5.210), Vector(-6.189, 14.613, -19.798), Vector(-5.955, 19.550, -22.047),
			Vector(5.951, 13.867, 29.327), Vector(21.172, 12.683, 14.805), Vector(21.468, 12.703, -5.243), Vector(4.484, 14.030, -17.643));
		Global.Staircase_Bottom = Array(Vector(28.219, 13.675, -12.861), Vector(18.273, 13.056, -13.376), Vector(18.096, 13.106, 22.976),
			Vector(28.194, 13.673, 22.965), Vector(-3.215, 12.509, 34.248), Vector(-15.283, 14.645, 31.509), Vector(-13.952, 14.683,
			-0.318), Vector(-14.266, 14.686, 9.499), Vector(-17.809, 13.624, 4.638), Vector(-3.308, 12.535, -24.765), Vector(-15.831,
			14.613, -21.536), Vector(7.131, 12.235, 33.607), Vector(20.987, 10.604, 9.118), Vector(21.314, 10.592, 0.940), Vector(6.405,
			12.183, -23.453));
		Global.Healthkits_Small = Array(Vector(8.137, 18.550, 5), Vector(-12.038, 14.613, -21.462), Vector(-11.561, 14.550, 31.744));
		Global.Healthkits_Large = Array(Vector(18.271, 10.550, 4.895));
		Global.Staircase_Middle = Array(Vector(33.897, 15.550, -12.596), 0, 0, Vector(34.343, 15.550, 22.900), 0, Vector(-12.087, 16.550,
			36.109), Vector(-12.158, 16.105, 4.474), Vector(-12.063, 16.171, 4.406), Vector(-11.078, 16.856, 4.789), 0, Vector(-12.507,
			16.550, -26.124), 0, 0, 0, 0);
		Global.Jump_Start = Array(Vector(-2.190, 19.465, -2.854), Vector(-7.953, 19.629, -9.836), Vector(-2.379, 19.452, 12.994), Vector(
			-7.499, 19.629, 19.566));
		Global.Jump_End = Array(Vector(-3.849, 19.252, -5.196), Vector(-6.558, 19.638, -8.129), Vector(-3.972, 19.315, 14.947), Vector(
			-6.397, 19.644, 18.073));
	}
