actions
	{
		Global.Path_Nodes = Array(Vector(-26.206, 11.345, 90.924), Vector(-29.096, 10.671, 84.688), Vector(-33.647, 10.999, 87.170),
			Vector(-31.719, 11.422, 92.605), Vector(-27.917, 7.237, 97.793), Vector(-22.709, 7.550, 93.725), Vector(-23.090, 7.550,
			90.029), Vector(-26.480, 7.550, 86.344), Vector(-42.986, 6.061, 93.308), Vector(-38.220, 6.774, 93.341), Vector(-34.960, 7.356,
			93.422), Vector(-45.828, 6.072, 89.025), Vector(-54.184, 6.072, 88.783), Vector(-54.506, 6.046, 97.292), Vector(-58.766, 6.908,
			84.168), Vector(-62.938, 8.118, 80.137), Vector(-69.372, 7.171, 74.555), Vector(-75.377, 6.424, 68.301), Vector(-59.728, 6.490,
			99.808), Vector(-64.144, 7.379, 101.632), Vector(-68.406, 8.129, 103.963), Vector(-70.613, 8.329, 111.522), Vector(-75.302,
			8.322, 107.615), Vector(-73.013, 8.127, 102.080), Vector(-43.856, 1.359, 89.599), Vector(-44.554, 1.360, 96.210), Vector(
			-52.205, 1.355, 99.316), Vector(-54.862, 1.358, 88.152), Vector(-60.481, 1.155, 84.129), Vector(-63.899, 1.155, 93.839),
			Vector(-54.175, 1.155, 106.744), Vector(-61.812, 1.156, 101.362), Vector(-50.504, 1.345, 114.898), Vector(-59.769, 1.250,
			111.109), Vector(-57.528, 1.653, 118.495), Vector(-49.540, 1.344, 121.837), Vector(-43.833, 1.344, 115.635), Vector(-39.896,
			1.344, 106.986), Vector(-33.637, 1.344, 100.117), Vector(-38.646, 1.344, 96.132), Vector(-40.479, 1.344, 87.985), Vector(
			-29.538, 1.840, 102.916), Vector(-18.433, 3.626, 92.748), Vector(-18.719, 3.467, 85.594), Vector(-16.529, 3.648, 80.560),
			Vector(-16.582, 3.550, 76.378), Vector(-20.049, 3.550, 69.858), Vector(-30.753, 1.576, 66.072), Vector(-34.139, 1.303, 70.251),
			Vector(-38.748, 1.156, 76.113), Vector(-46.793, 1.345, 82.670), Vector(-49.446, 1.156, 77.560), Vector(-55.662, 1.156, 80.665),
			Vector(-43.598, 1.345, 70.243), Vector(-40.829, 1.345, 62.809), Vector(-49.184, 1.345, 63.987), Vector(-55.426, 1.300, 65.119),
			Vector(-65.072, 1.800, 68.288), Vector(-68.596, 1.800, 74.998), Vector(-65.323, 1.792, 78.244), Vector(-60.799, 1.792, 75.018),
			Vector(-67.543, 1.792, 82.688), Vector(-69.290, 1.345, 98.535), Vector(-78.591, 2.339, 96.947), Vector(-90.621, 2.300, 93.427),
			Vector(-86.468, 2.300, 82.632), Vector(-77.481, 2.339, 86.018), Vector(-74.319, 1.800, 75.398), Vector(-78.720, 1.800, 70.230),
			Vector(-72.898, 1.800, 64.844), Vector(-49.533, 5.363, 127.860), Vector(-42.084, 5.501, 130.013), Vector(-53.290, 1.345,
			125.646), Vector(-48.267, 1.345, 133.604), Vector(-50.314, 1.300, 138.689), Vector(-51.870, 1.300, 146.320), Vector(-55.092,
			1.971, 141.504), Vector(-59.566, 2.297, 139.405), Vector(-56.475, 1.345, 131.878), Vector(-61.275, 2.698, 145.357), Vector(
			-63.526, 3.300, 151.148), Vector(-76.386, 3.300, 146.642), Vector(-74.548, 2.652, 141.414), Vector(-65.365, 2.297, 135.251),
			Vector(-67.242, 2.297, 140.792), Vector(-71.405, 2.446, 136.149), Vector(-62.873, 2.123, 113.925), Vector(-69.905, 2.338,
			115.064), Vector(-63.526, 2.148, 119.066), Vector(-61.363, 2.297, 126.132), Vector(-64.773, 2.297, 129.735), Vector(-71.044,
			2.297, 128.478), Vector(-73.788, 2.323, 120.449));
		Global.Healthkits = Array(Vector(-83.953, 2.339, 85.676), Vector(-39.389, 1.405, 120.446), Vector(-45.976, 1.360, 97.815), Vector(
			-22.919, 3.550, 70.940), Vector(-27.002, 1.838, 112.279), Vector(-76.495, 1.800, 66.896), Vector(-69.159, 3.300, 149.029));
		Global.Staircase_Top = Array(Vector(-31.182, 7.377, 99.981), Vector(-47.053, 6.078, 99.665), Vector(-77.605, 8.114, 101.629),
			Vector(-49.775, 1.300, 146.976), Vector(-47.649, 1.300, 139.654), Vector(-79.412, 6.428, 72.751), Vector(-70.844, 6.424,
			63.812), Vector(-29.020, 11.179, 93.252), Vector(-35.711, 13.227, 106.042), Vector(-29.698, 14.555, 91.711), Vector(-22.584,
			3.465, 82.248), Vector(-22.301, 3.550, 66.736));
		Global.Staircase_Bottom = Array(Vector(-23.457, 1.838, 107.063), Vector(-46.434, 1.479, 110.485), Vector(-74.981, 2.362, 115.104),
			Vector(-44.952, -0.663, 148.117), Vector(-43.037, -0.663, 141.020), Vector(-81.821, 2.339, 81.144), Vector(-60.557, 1.383,
			60.911), Vector(-34.013, 7.356, 97.160), Vector(-42.819, 10.281, 101.324), Vector(-31.461, 10.995, 86.152), Vector(-30.220,
			1.169, 75.348), Vector(-26.355, 1.550, 63.092));
		Global.Healthkits_Small = Array(Vector(-83.953, 2.339, 85.676), Vector(-39.389, 1.405, 120.446), Vector(-45.976, 1.360, 97.815),
			Vector(-27.002, 1.838, 112.279), Vector(-69.159, 3.300, 149.029));
		Global.Healthkits_Large = Array(Vector(-22.919, 3.550, 70.940), Vector(-76.495, 1.800, 66.896));
		Global.Staircase_Middle = Array(Vector(-20.480, 3.634, 100.712), Vector(-44.730, 3.316, 106.743), Vector(-77.344, 3.347, 112.717),
			0, 0, 0, 0, 0, Vector(-38.831, 11.790, 103.987), Vector(-30.189, 13.464, 88.638), 0, 0);
        Global.Jump_Start = Array();
        Global.Jump_End = Array();
	}
