actions
	{
		Global.Path_Nodes = Array(Vector(196.245, 18.050, 47.481), Vector(205.612, 18.050, 47.085), Vector(214.283, 18.050, 47.310),
			Vector(196.139, 18.050, 56.597), Vector(196.268, 18.050, 66.239), Vector(210.556, 9.550, 110.893), Vector(219.314, 11.563,
			108.870), Vector(229.579, 10.550, 101.217), Vector(234.826, 10.547, 100.693), Vector(234.306, 10.488, 92.197), Vector(234.604,
			10.547, 84.814), Vector(223.249, 15.209, 62.187), Vector(195.593, 9.550, 52.200), Vector(202.982, 9.550, 54.070), Vector(
			201.855, 9.550, 60.134), Vector(209.673, 9.550, 60.929), Vector(209.844, 9.550, 54.075), Vector(214.599, 10.393, 61.628),
			Vector(221.135, 10.550, 62.221), Vector(221.414, 9.738, 67.892), Vector(219.281, 9.550, 86.310), Vector(218.716, 9.550,
			81.123), Vector(214.240, 10.215, 80.825), Vector(206.186, 10.550, 80.335), Vector(199.937, 10.550, 81.031), Vector(206.281,
			17.060, 84.587), Vector(206.142, 17.050, 89.286), Vector(206.357, 9.716, 76.280), Vector(206.291, 9.550, 66.063), Vector(
			195.931, 9.550, 62.166), Vector(194.055, 9.550, 56.365), Vector(190.599, 9.550, 64.223), Vector(182.982, 9.550, 58.438),
			Vector(179.810, 8.976, 56.226), Vector(184.633, 9.550, 54.617), Vector(172.682, 8.550, 57.687), Vector(173.204, 8.547, 65.313),
			Vector(191.869, 2.550, 68.712), Vector(194.364, 2.550, 74.781), Vector(200.444, 2.107, 74.821), Vector(198.937, 2.548, 81.460),
			Vector(206.657, 1.589, 81.011), Vector(191.384, 2.550, 80.517), Vector(186.506, 2.550, 81.998), Vector(186.716, 2.550, 88.033),
			Vector(214.159, 2.550, 81.095), Vector(214.290, 2.550, 75.174), Vector(206.476, 1.550, 74.579), Vector(218.834, 2.550, 81.988),
			Vector(219.757, 3.204, 85.988), Vector(223.345, 3.550, 90.593), Vector(230.159, 3.550, 89.962), Vector(230.047, 3.550, 84.617),
			Vector(234.235, 3.550, 94.815), Vector(230.874, 5.550, 101.955), Vector(231.652, 5.550, 107.815), Vector(236.049, 5.550,
			113.816), Vector(217.039, 9.550, 96.274), Vector(221.712, 9.550, 94.039), Vector(221.424, 9.550, 101.730), Vector(217.180,
			9.550, 100.634), Vector(206.258, 9.577, 102.832), Vector(206.350, 9.550, 110.694), Vector(200.102, 10.287, 110.764), Vector(
			193.113, 10.550, 109.898), Vector(192.829, 9.884, 106.381), Vector(193.680, 9.550, 101.637), Vector(197.191, 9.550, 95.104),
			Vector(202.272, 10.219, 95.199), Vector(206.693, 10.576, 95.357), Vector(210.537, 10.059, 95.495), Vector(186.334, 10.163,
			101.643), Vector(181.065, 10.550, 101.618), Vector(182.021, 10.550, 95.617), Vector(176.762, 10.550, 95.617), Vector(183.522,
			7.550, 75.295), Vector(179.664, 6.901, 76.091), Vector(175.946, 6.550, 81.210), Vector(180.141, 7.150, 85.286), Vector(184.443,
			7.550, 85.322), Vector(189.018, 7.550, 80.829), Vector(184.091, 7.550, 90.383), Vector(176.191, 6.550, 88.328), Vector(169.653,
			6.550, 84.415), Vector(170.213, 6.550, 77.872), Vector(193.431, 9.549, 65.992));
		Global.Healthkits = Array(Vector(166.229, 6.550, 81.014), Vector(196.345, 18.050, 47.128), Vector(229.329, 14.550, 61.359), Vector(
			193.119, 10.550, 116.370), Vector(206.212, 1.550, 77.408), Vector(206.297, 10.550, 84.549), Vector(206.245, 10.550, 89.222));
		Global.Staircase_Top = Array(Vector(194.967, 18.060, 50.452), Vector(194.967, 18.060, 50.452), Vector(186.010, 4.550, 52.104),
			Vector(188.963, 4.550, 57.523), Vector(177.402, 6.548, 92.689), Vector(183.136, 9.550, 66.085), Vector(193.990, 9.550, 93.194),
			Vector(212.557, 9.550, 103.120), Vector(237.894, 5.550, 102.691), Vector(223.374, 7.550, 105.058), Vector(212.662, 23.983,
			111.453), Vector(229.117, 14.550, 63.082), Vector(216.578, 13.550, 45.052), Vector(216.649, 15.550, 61.411), Vector(179.447,
			12.059, 96.004), Vector(173.285, 8.547, 70.311));
		Global.Staircase_Bottom = Array(Vector(189.727, 4.550, 53.401), Vector(189.727, 4.550, 53.401), Vector(177.821, 1.550, 51.576),
			Vector(189.146, 2.548, 62.654), Vector(187.025, 2.550, 93.232), Vector(183.228, 7.550, 71.474), Vector(189.009, 7.555, 93.172),
			Vector(219.099, 3.550, 93.696), Vector(237.743, 3.550, 97.398), Vector(228.377, 5.616, 104.989), Vector(227.594, 5.550,
			111.923), Vector(221.225, 9.550, 76.992), Vector(208.370, 9.550, 48.527), Vector(216.688, 13.550, 55.454), Vector(180.145,
			10.550, 99.987), Vector(173.343, 6.550, 76.085));
		Global.Healthkits_Small = Array(Vector(166.229, 6.550, 81.014), Vector(229.329, 14.550, 61.359), Vector(206.212, 1.550, 77.408),
			Vector(206.297, 10.550, 84.549), Vector(206.245, 10.550, 89.222));
		Global.Healthkits_Large = Array(Vector(196.345, 18.050, 47.128), Vector(193.119, 10.550, 116.370));
		Global.Staircase_Middle = Array(Vector(192.181, 5.303, 52.179), Vector(192.181, 5.303, 52.179), 0, 0, 0, 0, 0, Vector(219.066,
			7.550, 103.813), 0, 0, Vector(221.170, 7.303, 111.971), Vector(229.294, 10.550, 76.966), Vector(208.740, 10.550, 44.385), 0,
			Vector(179.415, 11.185, 97.813), 0);
		Global.Jump_Start = Array(Vector(230.056, 10.550, 84.957), Vector(229.313, 10.550, 78.626), Vector(214.337, 10.550, 94.111));
		Global.Jump_End = Array(Vector(229.947, 10.560, 83.457), Vector(229.366, 10.560, 80.437), Vector(215.639, 10.560, 92.116));
	}
