	actions
	{
		Global.Path_Nodes = Array(Vector(50.996, 19.677, -77.205), Vector(59.024, 19.596, -82.830), Vector(60.897, 19.596, -75.161),
			Vector(65.364, 19.653, -71.117), Vector(51.688, 23.259, -64.318), Vector(62.595, 17.602, -60.672), Vector(62.759, 20.401,
			-92.408), Vector(57.394, 20.466, -95.851), Vector(58.377, 19.885, -100.871), Vector(60.007, 20.274, -94.229), Vector(57.957,
			19.273, -103.973), Vector(52.347, 19.485, -100.097), Vector(63.813, 19.356, -106.646), Vector(55.051, 19.273, -110.327),
			Vector(33.201, 15.351, -85.891), Vector(38.684, 14.167, -80.436), Vector(31.449, 15.550, -79.864), Vector(54.749, 12.259,
			-98.893), Vector(53.924, 12.273, -103.223), Vector(57.986, 12.273, -106.504), Vector(56.996, 12.273, -112.448), Vector(63.221,
			12.275, -114.388), Vector(73.441, 12.049, -114.107), Vector(54.838, 13.063, -86.844), Vector(55.381, 13.305, -82.436), Vector(
			55.568, 13.273, -77.268), Vector(49.481, 13.043, -75.212), Vector(46.996, 13.171, -84.907), Vector(61.186, 13.719, -72.691),
			Vector(65.815, 14.273, -72.977), Vector(55.700, 13.273, -71.230), Vector(56.996, 13.273, -67.059), Vector(38.854, 6.800,
			-48.081), Vector(35.294, 6.800, -57.084), Vector(40.371, 6.760, -59.164), Vector(42.433, 6.847, -54.110), Vector(50.533, 7.494,
			-60.474), Vector(49.652, 7.513, -66.325), Vector(53.586, 8.273, -67.511), Vector(58.019, 8.273, -72.493), Vector(45.335, 7.164,
			-70.193), Vector(40.521, 6.455, -64.818), Vector(67.435, 6.273, -83.346), Vector(62.477, 6.273, -83.597), Vector(58.893, 6.273,
			-88.645), Vector(57.192, 8.273, -105.801), Vector(81.257, 12.345, -110.790), Vector(95.295, 14.273, -113.785), Vector(91.363,
			14.273, -107.641), Vector(94.269, 14.273, -101.437), Vector(97.158, 14.273, -107.363), Vector(90.072, 14.273, -102.628),
			Vector(86.051, 14.447, -100.892), Vector(84.136, 14.254, -94.336), Vector(80.150, 14.321, -106.437), Vector(77.417, 14.233,
			-99.538), Vector(78.626, 14.256, -92.993), Vector(80.476, 14.446, -83.891), Vector(86.761, 14.256, -85.035), Vector(88.593,
			14.258, -78.271), Vector(82.469, 14.261, -76.986), Vector(91.581, 14.221, -76.845), Vector(92.030, 14.216, -72.497), Vector(
			102.724, 14.226, -74.043), Vector(97.837, 14.216, -78.765), Vector(95.418, 18.365, -74.354), Vector(99.915, 18.365, -75.004),
			Vector(103.206, 19.258, -72.209), Vector(97.333, 19.963, -71.271), Vector(92.633, 20.237, -67.172), Vector(80.688, 22.703,
			-65.688), Vector(84.968, 22.714, -64.314), Vector(70.715, 14.885, -77.729), Vector(71.985, 14.210, -71.188), Vector(79.771,
			14.217, -71.472), Vector(87.693, 14.198, -70.341), Vector(80.167, 14.212, -67.381), Vector(62.690, 13.182, -91.568), Vector(
			55.304, 11.942, -95.343), Vector(60.902, 12.823, -97.542), Vector(67.771, 14.025, -93.303), Vector(65.907, 13.775, -99.646),
			Vector(70.532, 14.312, -101.978), Vector(75.142, 14.275, -95.803), Vector(68.736, 14.029, -106.479), Vector(54.196, 24.870,
			-102.978), Vector(57.391, 24.880, -103.961));
		Global.Healthkits = Array(Vector(57.878, 19.273, -112.835), Vector(53.347, 8.273, -107.539), Vector(60.767, 8.273, -72.138),
			Vector(46.006, 6.793, -49.624));
		Global.Staircase_Top = Array(Vector(57.733, 13.252, -58.655), Vector(67.124, 14.273, -70.153), Vector(61.533, 20.273, -88.615),
			Vector(66.788, 19.398, -68.325), Vector(58.331, 22.479, -67.760), Vector(42.993, 16.273, -107.005), Vector(51.564, 19.275,
			-109.400), Vector(32.100, 9.550, -82.301), Vector(34.394, 11.634, -94.231), Vector(42.632, 12.082, -101.204), Vector(58.293,
			12.320, -89.789), Vector(50.840, 11.430, -96.278), Vector(72.249, 12.154, -109.491), Vector(76.525, 14.370, -103.222), Vector(
			90.502, 14.273, -115.104), Vector(98.109, 14.273, -100.563), Vector(104.186, 14.288, -80.249), Vector(58.908, 8.370, -78.979),
			Vector(54.711, 8.273, -102.661));
		Global.Staircase_Bottom = Array(Vector(45.322, 6.784, -51.364), Vector(57.409, 8.273, -67.705), Vector(64.516, 14.273, -76.106),
			Vector(74.720, 14.210, -65.973), Vector(64.403, 19.987, -67.577), Vector(37.977, 12.301, -99.133), Vector(45.137, 16.366,
			-107.680), Vector(34.583, 7.574, -75.693), Vector(41.256, 7.770, -75.024), Vector(51.385, 8.273, -104.179), Vector(46.601,
			7.868, -75.365), Vector(42.223, 9.558, -90.812), Vector(63.490, 8.273, -107.443), Vector(76.082, 12.244, -108.146), Vector(
			86.156, 12.273, -113.111), Vector(101.276, 11.161, -93.819), Vector(104.080, 11.423, -86.849), Vector(58.172, 6.323, -83.344),
			Vector(56.082, 6.273, -97.470));
		Global.Healthkits_Small = Array(Vector(57.878, 19.273, -112.835), Vector(53.347, 8.273, -107.539), Vector(46.006, 6.793, -49.624));
		Global.Healthkits_Large = Array(Vector(60.767, 8.273, -72.138));
		Global.Staircase_Middle = Array(0, 0, Vector(62.026, 19.273, -85.923), Vector(67.863, 17.445, -63.200), 0, Vector(37.127, 14.275,
			-104.537), 0, 0, Vector(37.669, 9.572, -84.680), 0, Vector(45.604, 9.628, -85.865), 0, 0, 0, 0, 0, 0, 0, 0);
		Global.Jump_Start = Array(Vector(71.146, 14.885, -75.806));
		Global.Jump_End = Array(Vector(72.272, 14.895, -75.566));
	}
