actions
	{
		Global.Path_Nodes = Array(Vector(48.024, 4.303, -55.986), Vector(44.189, 4.300, -63.854), Vector(38.563, 3.154, -73.808), Vector(
			34.384, 3.154, -83.944), Vector(29.971, 3.157, -88.519), Vector(22.595, 3.175, -91.819), Vector(25.028, 3.408, -79.930),
			Vector(26.855, 3.408, -76.309), Vector(30.025, 3.408, -77.425), Vector(21.045, 3.154, -74), Vector(9.360, 3.155, -82.271),
			Vector(11.766, 3.155, -76.194), Vector(16.842, 3.155, -78.875), Vector(20.989, 3.163, -85.095), Vector(32.450, 4.300, -60.451),
			Vector(32.815, 4.300, -54.538), Vector(37.495, 4.300, -44.252), Vector(42.591, 4.300, -46.287), Vector(39.499, 4.300, -31.983),
			Vector(34.896, 3.441, -30.566), Vector(27.217, 3.300, -34.203), Vector(24.659, 3.175, -38.999), Vector(17.415, 3.299, -37.681),
			Vector(22.204, 3.175, -29.963), Vector(18.755, 3.175, -24.011), Vector(14.893, 3.300, -27.585), Vector(9.799, 3.298, -27.328),
			Vector(4.019, 3.298, -36.805), Vector(1.771, 7.300, -33.233), Vector(-1.144, 7.300, -32.756), Vector(2.922, 7.301, -39.564),
			Vector(5.391, 8.113, -43.417), Vector(17.091, 8.128, -46.279), Vector(-8.141, 8.113, -38.673), Vector(-3.218, 8.058, -46.507),
			Vector(-1.347, 7.532, -19.931), Vector(-3.850, 7.558, -29.648), Vector(10.319, 3.154, -20.216), Vector(14.081, 3.356, -18.741),
			Vector(-0.893, 3.296, -8.324), Vector(4.549, 3.298, -5.075), Vector(14.664, 3.298, -11.942), Vector(0.510, 3.154, -17.583),
			Vector(-0.558, 3.423, -22.998), Vector(-2.227, 3.423, -27.853), Vector(-7.025, 3.154, -12.556), Vector(-6.345, 3.154, -17.397),
			Vector(-1.943, 3.154, -40.404), Vector(8.479, 3.154, -47.169), Vector(18.360, 3.154, -53.302), Vector(21.782, 3.160, -45.273),
			Vector(15.379, 4.050, -44.461), Vector(11.061, 4.050, -42.850), Vector(7.097, 4.050, -42.291), Vector(3.798, 3.154, -40.602),
			Vector(-3.416, 3.153, -50.292), Vector(-9.109, 3.278, -52.847), Vector(-10.806, 3.279, -65.749), Vector(-5.977, 4.050,
			-46.097), Vector(-9.120, 4.050, -40.929), Vector(-9.896, 3.154, -35.904), Vector(-7.690, 3.154, -27.058), Vector(-5.039, 3.154,
			-34.173), Vector(-4.611, 3.154, -78.205), Vector(-2.473, 3.154, -70.898), Vector(2.648, 3.154, -75.724), Vector(5.630, 3.154,
			-70.640), Vector(3.211, 3.550, -64.009), Vector(3.607, 3.555, -52.962), Vector(8.575, 3.555, -54.063), Vector(12.418, 3.555,
			-57.063), Vector(11.120, 3.555, -68.133), Vector(13.650, 3.555, -60.826), Vector(4.975, 3.550, -59.147), Vector(-0.713, 3.551,
			-57.624), Vector(29.653, 9.196, -85.476), Vector(34.936, 9.196, -72.772), Vector(25.675, 9.196, -68.552), Vector(20.212, 9.196,
			-81.502), Vector(5.904, 7.551, -66.339), Vector(11.196, 7.551, -68.791), Vector(13.516, 7.551, -59.776), Vector(10.132, 7.551,
			-55.199), Vector(1.112, 7.551, -52.638), Vector(-13.574, 3.279, -76.343), Vector(7.496, 12.450, -69.834), Vector(7.849, 14.453,
			-48.186), Vector(13.320, 12.343, -37.190), Vector(7.415, 12.343, -29.060), Vector(1.784, 12.653, -34.162), Vector(2.903,
			14.560, -69.110), Vector(-0.683, 14.718, -67.189), Vector(3.169, 14.550, -65.314));
		Global.Healthkits = Array(Vector(31.039, 3.408, -78.376), Vector(-16.460, 3.279, -65.009), Vector(14.300, 3.300, -39.483), Vector(
			9.535, 3.300, -1.828), Vector(7.099, 3.550, -63.641));
		Global.Staircase_Top = Array(Vector(-16.289, 7.300, -63.470), Vector(13.065, 12.343, -32.186), Vector(1.045, 7.551, -65.648),
			Vector(-21.016, 7.300, -45.934), Vector(36.477, 4.300, -61.878), Vector(26.496, 4.331, -59.130), Vector(27.796, 4.331,
			-53.645), Vector(28.787, 4.331, -48.706), Vector(2.755, 7.279, -28.517), Vector(-0.484, 12.562, -60.531), Vector(-2.592,
			12.562, -66.145), Vector(-0.133, 12.562, -55.276), Vector(6.835, 14.387, -58.291), Vector(8.303, 14.387, -38.054));
		Global.Staircase_Bottom = Array(Vector(-19.207, 3.279, -74.840), Vector(13.851, 3.456, -31.702), Vector(-3.193, 3.550, -58.034),
			Vector(-12.397, 3.319, -47.811), Vector(34.750, 3.154, -67.574), Vector(25.092, 3.153, -65.779), Vector(23.882, 3.154,
			-52.979), Vector(30.082, 3.169, -44.909), Vector(9.957, 3.298, -24.462), Vector(-7.102, 3.492, -58.754), Vector(-6.893, 11.560,
			-65.616), Vector(-4.048, 11.560, -54.165), Vector(5.759, 12.562, -62.879), Vector(5.655, 12.300, -33.567));
		Global.Healthkits_Small = Array(Vector(31.039, 3.408, -78.376), Vector(9.535, 3.300, -1.828), Vector(7.099, 3.550, -63.641));
		Global.Healthkits_Large = Array(Vector(-16.460, 3.279, -65.009), Vector(14.300, 3.300, -39.483));
		Global.Staircase_Middle = Array(0, Vector(13.849, 9.008, -31.703), Vector(-3.959, 5.550, -63.942), Vector(-15.602, 5.300, -43.631),
			0, 0, 0, 0, Vector(4.449, 5.281, -23.292), Vector(-6.108, 11.665, -58.987), 0, 0, 0, 0);
        Global.Jump_Start = Array();
        Global.Jump_End = Array();
	}
