	actions
	{
		Global.Path_Nodes = Array(Vector(-11.076, 7.550, -33.069), Vector(-16.077, 7.550, -34.012), Vector(-17.582, 7.550, -27.686),
			Vector(-20.769, 7.550, -30.368), Vector(-23.214, 8.502, -32.505), Vector(-40.626, 7.865, -0.351), Vector(-21.273, 11.550,
			-18.371), Vector(-30.688, 12.441, -9.634), Vector(-39.586, 12.643, -11.168), Vector(-45.741, 12.550, -13.452), Vector(-49.324,
			14.550, -24.900), Vector(-58.396, 12.550, -14.110), Vector(-61.839, 13.550, -31.557), Vector(-61.933, 13.550, -23.294), Vector(
			-57.327, 12.550, -31.678), Vector(-57.155, 12.550, -36.391), Vector(-47.346, 12.550, -42.892), Vector(-40.402, 12.550,
			-40.896), Vector(-48.602, 12.550, -50.370), Vector(-44.813, 12.551, -52.795), Vector(-44.932, 12.628, -35.914), Vector(-42.363,
			12.071, -32.741), Vector(-39.761, 11.550, -29.957), Vector(-36.098, 11.548, -27.045), Vector(-33.400, 11.589, -28.191), Vector(
			-19.332, 11.550, -27.085), Vector(-16.502, 11.563, -30.254), Vector(-13.611, 11.563, -27.316), Vector(-19.630, 11.591,
			-33.820), Vector(-12.037, 11.561, -34.895), Vector(-14.109, 11.562, -38.419), Vector(-9.364, 11.881, -38.408), Vector(-9.977,
			11.695, -41.030), Vector(-6.201, 11.708, -37.150), Vector(-28.891, 7.390, -14.866), Vector(-24.428, 7.390, -9.931), Vector(
			-31.114, 8.101, -9.501), Vector(-30.760, 7.390, -3.067), Vector(-26.249, 7.390, -4.648), Vector(-35.491, 7.392, 2.132), Vector(
			-36.393, 7.392, -5.179), Vector(-21.149, 7.390, -12.965), Vector(-12.611, 7.550, -13.097), Vector(3.235, 7.550, -9.500),
			Vector(8.377, 7.550, -13.929), Vector(3.774, 8.550, -31.859), Vector(8.979, 8.550, -24.919), Vector(9.432, 7.912, -20.436),
			Vector(10.926, 8.550, -30.253), Vector(13.545, 9.040, -33.588), Vector(9.959, 9.550, -39.034), Vector(-4.660, 7.550, -9.993),
			Vector(-0.842, 7.492, -14.460), Vector(-5.359, 7.390, -2.087), Vector(-11.343, 7.412, 3.790), Vector(-5.595, 7.389, 10.979),
			Vector(-1.580, 7.550, 7.162), Vector(2.520, 10.550, 4.381), Vector(7.387, 10.550, 1.034), Vector(-13.902, 7.553, 17.289),
			Vector(-18.556, 7.390, 10.289), Vector(-26.819, 7.390, 14.028), Vector(-26.113, 7.390, 26.664), Vector(-17.046, 7.390, 26.777),
			Vector(-4.522, 7.390, 18.952), Vector(-17.202, 7.550, 34.138), Vector(-40.679, 7.550, 32.466), Vector(-35.138, 7.550, 26.277),
			Vector(-42.290, 7.550, 27.141), Vector(-32.048, 7.550, 23.541), Vector(-26.449, 7.390, 21.380), Vector(-35.908, 7.397, 11.901),
			Vector(-10.849, 11.550, 30.775), Vector(-12.357, 11.550, 39.221), Vector(-9.470, 12.033, 24.630), Vector(-12.280, 12.034,
			22.254), Vector(-9.792, 12.034, 21.142), Vector(-13.290, 12.050, 18.371), Vector(-19.615, 12.050, 19.115), Vector(-21.390,
			12.355, 13.285), Vector(-26.248, 11.552, 23.354), Vector(-26.393, 11.552, 18.387), Vector(-29.235, 11.552, 21.171), Vector(
			-44.163, 14.550, -4.248), Vector(-43.281, 14.550, 2.557), Vector(-18.892, 11.550, 3.368), Vector(-23.386, 11.550, -2.563),
			Vector(-22.279, 11.550, -0.656), Vector(-18.244, 11.550, -4.240), Vector(-24.021, 12.230, -9.674), Vector(-27.649, 12.464,
			-9.795), Vector(-31.198, 12.421, -5.739), Vector(-34.528, 12.523, -5.815), Vector(-34.304, 12.485, -9.411), Vector(-34.378,
			12.515, -13.281), Vector(-30.513, 12.414, -13.469), Vector(-48.927, 10.550, -1.732), Vector(-54.379, 10.550, -2.044), Vector(
			-51.088, 10.224, 4.223), Vector(-54.133, 9.550, 8.698), Vector(-51.734, 9.550, 12.758), Vector(-52.884, 9.550, 28.031), Vector(
			-51.854, 9.550, 18.090), Vector(-41.073, 10.550, -54.901), Vector(-34.409, 10.550, -55.441), Vector(-32.747, 10.550, -51.496),
			Vector(-29.177, 10.550, -53.197), Vector(-28.859, 8.550, -48.682), Vector(-22.770, 8.558, -49.884), Vector(-15.412, 8.560,
			-53.296), Vector(-19.883, 17.108, 43.218), Vector(-24.188, 17.612, 33.336), Vector(-49.994, 17.696, 25.296), Vector(-33.976,
			17.696, 27.394), Vector(-48.821, 17.696, 32.103), Vector(-34.888, 17.696, 33.899), Vector(-27.777, 17.477, 41.029), Vector(
			-18.434, 11.550, -9.302));
		Global.Healthkits = Array(Vector(-9.401, 11.884, -37.838), Vector(-30.739, 12.443, -9.668), Vector(-4.261, 7.390, 21.110), Vector(
			-28.997, 5.550, 44.397), Vector(-44.021, 10.550, 4.095), Vector(13.713, 7.550, -14.991), Vector(-31.367, 10.550, -53.460),
			Vector(-61.584, 13.550, -27.441));
		Global.Staircase_Top = Array(Vector(-2.513, 10.550, -47.495), Vector(3.668, 9.550, -40.475), Vector(-4.920, 11.550, -42.326),
			Vector(10.687, 10.550, -1.184), Vector(10.873, 10.550, 4.539), Vector(-6.442, 11.550, 26.477), Vector(-6.018, 11.550, 35.773),
			Vector(-17.273, 7.550, 40.271), Vector(-32.060, 7.550, 33.507), Vector(-24.808, 7.550, 34.209), Vector(-50.533, 9.550, 32.409),
			Vector(-33.490, 11.552, 21.604), Vector(-50.308, 9.550, 22.143), Vector(-28.413, 11.550, 2.364), Vector(-48.436, 9.550, 8.573),
			Vector(-51.437, 12.550, -13.072), Vector(-51.549, 14.552, -23.393), Vector(-50.701, 14.550, -30.196), Vector(-45.757, 12.550,
			-47.974), Vector(-29.976, 8.550, -44.795), Vector(-20.797, 8.550, -36.032), Vector(-7.891, 7.550, -29.631), Vector(-8.679,
			11.594, -30.625), Vector(-34.349, 11.547, -31.673), Vector(-27.128, 11.550, -21.839), Vector(-40.830, 8.550, -10.212), Vector(
			-44.408, 14.550, -21.544), Vector(-62.269, 13.550, -27.447), Vector(4.046, 8.550, -24.452), Vector(-7.144, 7.550, -18.013),
			Vector(-35.812, 11.090, -45.193));
		Global.Staircase_Bottom = Array(Vector(-13.582, 6.554, -44.835), Vector(-1.729, 6.517, -32.409), Vector(2.979, 9.550, -43.034),
			Vector(5.922, 7.560, -6.250), Vector(5.806, 7.550, 9.159), Vector(-0.429, 7.550, 17.770), Vector(-11.663, 7.550, 44.161),
			Vector(-22.568, 5.550, 40.314), Vector(-32.057, 5.550, 38.804), Vector(-27.610, 5.550, 39.952), Vector(-45.472, 7.550, 32.514),
			Vector(-44.148, 7.550, 21.762), Vector(-46.881, 7.550, 25.583), Vector(-19.548, 7.555, 5.997), Vector(-43.224, 7.550, 8.876),
			Vector(-41.282, 8.550, -6.871), Vector(-56.243, 12.550, -23.683), Vector(-50.503, 12.550, -35.194), Vector(-33.814, 8.550,
			-49.661), Vector(-25.062, 6.714, -44.489), Vector(-16.459, 6.535, -40.421), Vector(-4.095, 6.505, -31.737), Vector(-9.023,
			7.550, -21.244), Vector(-34.959, 8.550, -37.019), Vector(-34.852, 7.550, -17.747), Vector(-36.539, 7.390, -10.438), Vector(
			-44.356, 12.550, -16.399), Vector(-58.556, 12.549, -27.619), Vector(-0.856, 6.478, -24.064), Vector(-0.639, 6.505, -17.999),
			Vector(-33.028, 8.550, -47.344));
		Global.Healthkits_Small = Array(Vector(-4.261, 7.390, 21.110), Vector(-44.021, 10.550, 4.095), Vector(13.713, 7.550, -14.991),
			Vector(-31.367, 10.550, -53.460), Vector(-61.584, 13.550, -27.441));
		Global.Healthkits_Large = Array(Vector(-9.401, 11.884, -37.838), Vector(-30.739, 12.443, -9.668), Vector(-28.997, 5.550, 44.397));
		Global.Staircase_Middle = Array(Vector(-9.053, 8.550, -49.438), Vector(2.645, 8.550, -37.002), Vector(-0.944, 10.550, -46.415), 0,
			0, Vector(1.200, 8.550, 22.122), Vector(-5.680, 9.550, 43.138), 0, 0, Vector(-26.126, 6.550, 37.174), 0, Vector(-39.153, 9.550,
			21.653), 0, Vector(-25.777, 9.550, 8.551), 0, Vector(-51.522, 10.550, -6.753), 0, 0, Vector(-37.580, 9.550, -53.344), 0, 0, 0,
			Vector(-13.184, 9.550, -26.051), Vector(-29.920, 9.550, -36.055), Vector(-34.627, 8.551, -21.906), 0, 0, 0, 0, 0, 0);
		Global.Jump_Start = Array(Vector(-27.547, 12.481, -12.666), Vector(-22.663, 11.550, -17.921), Vector(-18.322, 11.550, -10.018),
			Vector(-18.953, 11.550, -17.985), Vector(-27.512, 12.485, -6.497), Vector(-23.808, 11.550, -1.092), Vector(-36.377, 11.076,
			-44.514));
		Global.Jump_End = Array(Vector(-26.540, 12.562, -13.727), Vector(-24.277, 11.633, -16.174), Vector(-18.418, 11.550, -11.251),
			Vector(-18.799, 11.585, -15.785), Vector(-26.516, 12.580, -5.313), Vector(-24.898, 11.560, -2.799), Vector(-37.780, 11.156,
			-43.456));
	}
