actions
	{
		Global.Path_Nodes = Array(Vector(-0.012, 10.588, 41.854), Vector(-0.899, 10.553, 38.543), Vector(0.249, 11.757, 24.643), Vector(
			4.861, 7.564, 26.506), Vector(5.476, 7.339, 21.356), Vector(5.505, 7.050, 15.427), Vector(3.707, 7.060, 14.976), Vector(6.132,
			7.050, 8.544), Vector(3.771, 7.050, 8.726), Vector(10.282, 7.550, 3.082), Vector(17.179, 8.006, 5.135), Vector(22.594, 7.550,
			2.926), Vector(24.965, 7.550, -4.203), Vector(26.319, 7.550, -0.942), Vector(27.409, 7.550, 2.352), Vector(22.697, 7.550,
			-1.018), Vector(30.824, 6.915, 0.820), Vector(28, 7.550, 11.815), Vector(21.952, 7.550, 12.268), Vector(29.257, 7.559, 7.181),
			Vector(34.864, 6.915, 5.515), Vector(39.813, 6.915, 9.241), Vector(44.298, 8.539, 18.579), Vector(42.284, 8.550, 23.494),
			Vector(36.259, 8.550, 21.277), Vector(32.961, 9.042, 22.033), Vector(32.338, 9.042, 24.297), Vector(32.338, 9.042, 19.644),
			Vector(35.545, 4.550, 21.688), Vector(25.726, 5.025, 30.511), Vector(30.471, 4.550, 24.588), Vector(21.714, 5.550, 34.802),
			Vector(15.850, 5.550, 36.446), Vector(9.384, 6.007, 33.769), Vector(12.937, 5.550, 29.676), Vector(17.445, 10.550, 35.150),
			Vector(20.576, 10.550, 34.314), Vector(18.543, 10.550, 31.176), Vector(15.867, 5.050, 26.552), Vector(16.138, 5.056, 21.954),
			Vector(15.964, 5.050, 17.019), Vector(12.621, 5.035, 13.949), Vector(18.956, 4.550, 14.395), Vector(21.556, 4.550, 20.567),
			Vector(26.133, 4.550, 18.365), Vector(22.124, 4.550, 26.929), Vector(0.081, 11.858, -1.046), Vector(-0.221, 11.751, 1.421),
			Vector(10.073, 4.746, 21.999), Vector(8.162, 3.792, 21.933), Vector(5.805, 3.552, 21.435), Vector(5.920, 3.552, 14.815),
			Vector(5.688, 3.552, 9.132), Vector(5.931, 2.919, 5.451), Vector(-6.216, 3.077, 5.745), Vector(-4.097, 3.554, 8.682), Vector(
			0.104, 3.554, 10.598), Vector(0.070, 3.052, 21.778), Vector(-0.013, 3.552, 15.969), Vector(-0.113, 3.050, 28.153), Vector(
			-6.180, 3.551, 22.179), Vector(-12.286, 2.552, 22.111), Vector(-17.319, 2.550, 25.115), Vector(-18.063, 1.972, 18.047), Vector(
			-17.063, 1.550, 9.975), Vector(-13.234, 1.550, 0.834), Vector(-31.693, 0.550, 17.141), Vector(-26.729, 5.550, 15), Vector(
			-27.665, 5.550, 7.058), Vector(-26.414, 4.558, -0.737), Vector(-22.987, 4.027, -8.157), Vector(-17.572, 3.550, -16.695),
			Vector(-22.787, 4.602, -3.396), Vector(-28.603, 6.300, 28.913), Vector(-33.560, 6.300, 27.641), Vector(-34.573, 6.300, 22.521),
			Vector(-31.499, 6.300, 19.273), Vector(-25.602, 1.550, 41.785), Vector(-10.885, 3.546, 43.682), Vector(-10.191, 3.550, 34.164),
			Vector(-9.105, 3.550, 40.303), Vector(-13.863, 2.754, 29.678), Vector(-18.039, 3.279, 36.135), Vector(-30.494, -0.427, 3.200),
			Vector(-30.833, -0.979, -2.530), Vector(-28.791, -1.450, -6.913), Vector(-22.898, -1.411, -6.937), Vector(-27.064, -1.450,
			-12.952), Vector(-21.403, -1.450, -9.270), Vector(-19.743, -1.450, -13.386), Vector(-25.590, -1.451, -16.614), Vector(-19.733,
			-1.451, -23.469), Vector(-17.324, -1.450, -18.195), Vector(-13.772, -1.450, -32.398), Vector(-4.564, -1.950, -32.887), Vector(
			-0.230, 2.521, 0.649), Vector(0.018, 1.550, -3.130), Vector(-9.235, 1.551, -4.682), Vector(-5.621, 0.755, -5.863), Vector(
			4.393, 0.911, -5.564), Vector(-0.083, 0.550, -7.384), Vector(4.541, 0.550, -9.893), Vector(6.090, 0.550, -15.813), Vector(
			8.049, 0.550, -20.608), Vector(-5.821, 6.551, -26.695), Vector(-0.362, 6.551, -25.067), Vector(-1.627, 6.551, -19.849), Vector(
			-8.058, 6.551, -21.211), Vector(-2.190, 6.551, -29.563), Vector(1.679, 6.551, -28.724), Vector(4.302, 6.551, -27.814), Vector(
			2.346, 6.670, -32.385), Vector(5.953, 6.670, -31.260), Vector(-2.730, 6.669, -33.547), Vector(-5.350, 6.670, -32.257), Vector(
			-8.415, 6.551, -30.037), Vector(25.019, 3.559, -25.568), Vector(30.275, 4.550, -18.631), Vector(31.246, 6.550, -12.506),
			Vector(31.240, 6.618, -7.071), Vector(16.129, 2.550, -0.486), Vector(23.690, 6.612, -7.965));
		Global.Healthkits = Array(Vector(-0.056, 3.552, 14.997), Vector(-22.028, 2.686, 29.384), Vector(0.192, 4.221, 46.617), Vector(
			32.593, 5.050, 27.476), Vector(31.849, 6.550, -11.834), Vector(2.590, -1.955, -34.802), Vector(-32.124, -1.274, -6.047));
		Global.Staircase_Top = Array(Vector(-11.313, 6.663, -26.943), Vector(9.149, 0.550, -26.958), Vector(-1.980, 0.550, -17.116),
			Vector(-8.907, 0.570, -17.327), Vector(10.827, 4.550, -8.652), Vector(5.605, 6.550, -18.272), Vector(-13.220, 3.550, -14.537),
			Vector(-23.410, 4.558, 1.438), Vector(-14.917, 6.550, 15.080), Vector(-19.871, 6.550, 15.203), Vector(-6.066, 7.054, 11.758),
			Vector(-0.861, 9.050, 3.232), Vector(0.934, 9.050, 3.217), Vector(0.059, 10.670, 36.575), Vector(0.129, 11.786, 26.994),
			Vector(37.891, 8.550, 27.112), Vector(47.324, 7.550, 18.685), Vector(40.373, 8.550, 17.337), Vector(32.847, 6.916, 9.236),
			Vector(33.381, 6.915, 9.854), Vector(17.578, 4.550, 10.622), Vector(21.549, 4.550, -8.856), Vector(28.823, 6.915, -4.045),
			Vector(24.029, 4.550, -15.587), Vector(-21.682, 1.550, 15.468), Vector(-20.349, 2.559, 33.003), Vector(-17.733, 3.550, 44.898),
			Vector(10.530, 5.550, 38.751), Vector(-1.340, 4.994, 39.263), Vector(3.557, 7.344, 29.165), Vector(6.230, 7.424, 27.941),
			Vector(-4.245, 9.952, 37.943), Vector(-16.672, 1.550, 1.032), Vector(-7.716, 1.922, -10.380));
		Global.Staircase_Bottom = Array(Vector(-16.731, -1.450, -27.757), Vector(3.374, -1.950, -29.222), Vector(1.002, -1.847, -27.894),
			Vector(-14.220, -1.450, -20.362), Vector(6.339, 1.550, -2.447), Vector(10.424, 4.550, -17.045), Vector(-10.872, 1.550, -9.434),
			Vector(-20.346, 1.550, 8.688), Vector(-10.586, 1.550, 4.577), Vector(-21.424, 2.686, 26.143), Vector(-6.137, 3.552, 19.691),
			Vector(-5.280, 7.052, 3.303), Vector(5.011, 7.193, 2.980), Vector(-0.012, 3.050, 31.125), Vector(-3.656, 3.961, 35.345),
			Vector(29.091, 5.569, 32.982), Vector(43.240, 4.550, 25.141), Vector(39.826, 6.913, 12.305), Vector(22.165, 4.550, 15.483),
			Vector(30.703, 4.550, 20.412), Vector(16.847, 2.550, 3.018), Vector(22.519, 2.548, -4.153), Vector(27.244, 4.731, -12.444),
			Vector(11.237, 0.550, -23.957), Vector(-26.944, -0.450, 10.524), Vector(-29.167, 0.549, 28.854), Vector(-22.355, 1.551,
			45.093), Vector(-6.654, 3.550, 42.292), Vector(-2.458, 3.050, 30.149), Vector(-0.562, 5.138, 39.181), Vector(-0.562, 5.138,
			39.181), Vector(3.171, 7.396, 29.059), Vector(-22.844, -1.351, -3.276), Vector(-4.479, 0.550, -11.815));
		Global.Healthkits_Small = Array(Vector(-22.028, 2.686, 29.384), Vector(0.192, 4.221, 46.617), Vector(32.593, 5.050, 27.476),
			Vector(31.849, 6.550, -11.834), Vector(-32.124, -1.274, -6.047));
		Global.Healthkits_Large = Array(Vector(-0.056, 3.552, 14.997), Vector(2.590, -1.955, -34.802));
		Global.Staircase_Middle = Array(Vector(-14.681, -0.852, -27.462), Vector(5.685, -0.217, -28.167), Vector(-0.660, -0.450, -22.331),
			0, Vector(10.864, 2.550, -2.695), 0, Vector(-9.459, 2.050, -12.289), Vector(-20.357, 3.071, 4.152), Vector(-10.830, 5.550,
			13.389), Vector(-23.217, 5.550, 18.771), 0, 0, 0, Vector(-0.078, 3.803, 33.793), Vector(-1.019, 4.577, 34.466), Vector(36.101,
			7.550, 31.955), Vector(47.504, 5.550, 25.327), 0, Vector(30.049, 5.538, 15.095), Vector(31.368, 5.510, 15.569), 0, 0, Vector(
			28.463, 6.238, -7.542), Vector(20.453, 3.159, -23.512), Vector(-26.273, 0.550, 15.778), Vector(-25.922, 1.453, 33.817), 0,
			Vector(0.263, 4.223, 44.273), Vector(-5.158, 3.806, 34.029), Vector(5.106, 6.556, 34.195), Vector(5.106, 6.556, 34.195),
			Vector(-4.500, 8.759, 29.483), 0, 0);
        Global.Jump_Start = Array();
        Global.Jump_End = Array();
	}
