	actions
	{
		Global.Path_Nodes = Array(Vector(-8.517, 0.627, 33.979), Vector(-1.749, 0.550, 33.765), Vector(6.105, 0.550, 26.170), Vector(5.295,
			0.548, 33.358), Vector(6.371, 0.538, 21.349), Vector(12.505, 0.600, 20.733), Vector(2.194, 0.886, 19.330), Vector(3.799, 1.570,
			13.774), Vector(-10.126, 0.559, 21.203), Vector(-9.950, 0.627, 24.160), Vector(-7.937, 0.600, 13.460), Vector(-9.771, 0.590,
			-0.237), Vector(-22.404, 1.634, 9.023), Vector(-17.479, 1.550, 2.450), Vector(-13.876, 1.612, -8.559), Vector(-10.149, 2.550,
			-9.099), Vector(-22.511, 1.636, -6.421), Vector(-19.698, 1.599, -11.101), Vector(-5.372, 2.550, -8.859), Vector(2.034, 2.550,
			-7.919), Vector(2.289, 1.944, -1.788), Vector(4.002, 1.539, 2.560), Vector(10.602, 2.550, -9.623), Vector(23.578, -2.450,
			-8.318), Vector(21.019, -4.450, 8.909), Vector(26.792, -4.451, 8.860), Vector(34.503, -8.269, 25.470), Vector(35.459, -8.766,
			32.937), Vector(28.692, -8.792, 28.593), Vector(30.081, -9.152, 33.021), Vector(23.170, -8.919, 29.604), Vector(23.563, -9.750,
			35.623), Vector(28.891, -9.538, 37.708), Vector(33.310, -9.264, 40.486), Vector(26.960, -10.251, 44.807), Vector(22.633,
			-10.512, 41.951), Vector(17.093, -10.426, 40.820), Vector(11.518, -11.365, 42.893), Vector(12.933, -10.512, 46.729), Vector(
			19.053, -11.179, 51.050), Vector(16.060, -11.058, 55.691), Vector(12.085, -11.017, 51.556), Vector(3.401, -11.779, 43.481),
			Vector(7.062, -11.216, 48.507), Vector(1.888, -11.447, 34.585), Vector(5.893, -11.433, 40.025), Vector(1.921, -11.691, 40.462),
			Vector(-1.559, -11.449, 37.563), Vector(-2.291, -11.429, 44.303), Vector(1.858, -9.450, 21.232), Vector(22.718, 6.545, 28.955),
			Vector(23.208, 7.785, 22.681), Vector(17.410, 7.283, 29.548), Vector(19.271, 7.520, 25.209), Vector(16.520, 7.443, 20.024),
			Vector(16.284, 6.838, 15.856), Vector(12.857, 8.330, 22.224), Vector(13.116, 8.313, 26.731), Vector(6.020, 9.060, 27.604),
			Vector(3.103, 8.694, 23.642), Vector(-1.483, 9.362, 23.555), Vector(-6.770, 9.982, 23.745), Vector(16.999, -8.669, 25.982),
			Vector(14.975, -8.416, 17.374), Vector(5.250, -8.436, 15.625), Vector(-4.085, -8.347, 16.620), Vector(-12.115, -8.240, 17.376),
			Vector(-14.274, -7.373, 22.150), Vector(-20.559, -7.423, 28.165), Vector(-20.316, -4.848, 45.001), Vector(-8.504, -4.873,
			43.866), Vector(-34.350, -3.373, 18.021), Vector(-25.808, -3.373, 11.813), Vector(-11.770, -8.451, 9.528), Vector(-7.782,
			-8.369, 9.249), Vector(-10.809, -8.311, 1.737), Vector(13.262, -8.233, 1.953), Vector(12.051, -8.325, 14.540), Vector(-25.864,
			-10.419, 10.758), Vector(-26.995, -10.450, 17.898), Vector(-34.099, -10.373, 17.700), Vector(-40.145, -11.253, 16.943), Vector(
			-44.929, -11.484, 17.438), Vector(-44.452, -11.434, 9.856), Vector(-40.815, -11.198, 9.333), Vector(-35.203, -10.238, 3.883),
			Vector(-35.634, -9.241, -4.072), Vector(-38.309, -10.143, -2.940), Vector(-41.238, -10.417, -7.414), Vector(-38.910, -9.444,
			-12.294), Vector(-38.300, -9.493, -8.480), Vector(-36.096, -8.553, -9.194), Vector(-30.635, -7.788, -10.328), Vector(-26.476,
			-7.998, -4.724), Vector(-25.329, -10.285, 6.166), Vector(-25.786, -8.985, 0.296), Vector(-25.672, -9.686, 3.382), Vector(
			-11.432, -4.450, -12.921), Vector(-6.108, -4.450, -7.482), Vector(-1.023, -4.450, -7.644), Vector(1.702, -4.450, -12.530),
			Vector(5.969, -4.450, -7.491), Vector(12.281, -4.450, -7.756), Vector(2.014, -2.399, -19.136), Vector(2.105, 0.569, -15.371),
			Vector(17.204, 0.646, 0.602), Vector(16.864, 1.891, 4.604), Vector(18.063, 2.548, 8.237), Vector(17.260, 1.615, 12.396),
			Vector(16.094, -0.242, 16.740), Vector(16.985, -0.768, 13.639), Vector(-2.229, 0.565, 40.177), Vector(7.239, 0.329, 40.458),
			Vector(-22.688, 1.646, -3.057));
		Global.Healthkits = Array(Vector(7.386, -11.416, 35.500), Vector(-15.286, -7.423, 32.119), Vector(2.026, -8.428, 8.916), Vector(
			2.018, -4.450, -12.951), Vector(-29.767, -5.465, 0.040), Vector(1.950, 0.550, 32.466), Vector(1.952, 2.550, -7.973), Vector(
			35.802, -8.513, 29.322), Vector(-10.922, 0.710, -0.839), Vector(28.024, -4.450, 9.113), Vector(-36.118, -10.921, 15.434));
		Global.Staircase_Top = Array(Vector(44.009, 12.899, 30.134), Vector(39.321, 12.773, 30.960), Vector(42.931, 14.854, 33.642),
			Vector(1.903, -9.450, 25.454), Vector(-28.478, -3.411, 17.243), Vector(-29.945, -5.467, 1.373), Vector(-30.031, -3.373,
			12.413), Vector(-18.934, 1.646, -1.949), Vector(-8.345, 2.550, -15.929), Vector(12.590, 2.550, -15.932), Vector(12.771, 2.662,
			-6.021), Vector(24.215, -2.450, -1.379), Vector(21.770, -2.450, -12.869), Vector(1.945, -4.450, -4.208), Vector(2.254, -4.450,
			-4.786), Vector(1.938, -4.450, -3.972), Vector(18.698, -4.373, 8.831), Vector(12.651, -8.380, 22.012), Vector(-9.114, -8.353,
			21.970), Vector(-14.827, -8.450, 9.026), Vector(-3.510, 0.550, 26.072), Vector(-11.410, -3.450, 37.332), Vector(2.094, 1.529,
			39.772), Vector(-15.114, 1.550, 8.279), Vector(18.166, 6.175, 32.692), Vector(-20.460, -4.580, 52.509), Vector(-18.773, -4.683,
			54.541), Vector(0.200, -9.317, 59.233), Vector(24.022, -4.450, 13.890), Vector(-16.634, -4.418, -12.713));
		Global.Staircase_Bottom = Array(Vector(46.712, 8.285, 36.692), Vector(41.614, 9.368, 38.223), Vector(41.330, 13.182, 29.938),
			Vector(1.907, -11.440, 30.150), Vector(-19.304, -7.276, 22.602), Vector(-31.785, -8.377, -6.284), Vector(-29.547, -5.421,
			6.115), Vector(-23.703, -8.098, -2.129), Vector(-3.617, 0.550, -16.046), Vector(7.563, 0.550, -15.860), Vector(21.776, -2.063,
			-2.666), Vector(24.563, -4.450, 3.826), Vector(16.069, -4.450, -12.833), Vector(8.792, -8.277, 2.022), Vector(2.192, -8.365,
			3.027), Vector(-6.563, -8.323, 1.785), Vector(13.488, -8.306, 8.550), Vector(6.793, -9.450, 22.223), Vector(-2.749, -9.450,
			21.463), Vector(-20.512, -10.475, 8.776), Vector(-10.233, -3.450, 31.997), Vector(-22.023, -7.450, 31.712), Vector(1.843,
			0.550, 35.138), Vector(-10.308, 0.521, 9.134), Vector(20.139, -9.979, 37.492), Vector(-0.927, -10.571, 51.145), Vector(-3.234,
			-8.633, 58.494), Vector(14.287, -10.905, 58.431), Vector(30.113, -8.096, 24.290), Vector(-26.496, -7.464, -9.148));
		Global.Healthkits_Small = Array(Vector(7.386, -11.416, 35.500), Vector(-15.286, -7.423, 32.119), Vector(2.018, -4.450, -12.951),
			Vector(-29.767, -5.465, 0.040), Vector(1.950, 0.550, 32.466), Vector(1.952, 2.550, -7.973), Vector(35.802, -8.513, 29.322),
			Vector(-10.922, 0.710, -0.839), Vector(28.024, -4.450, 9.113), Vector(-36.118, -10.921, 15.434));
		Global.Healthkits_Large = Array(Vector(2.026, -8.428, 8.916));
		Global.Staircase_Middle = Array(Vector(47.291, 10.502, 32.530), Vector(38.971, 11.241, 34.790), 0, 0, Vector(-22.796, -5.342,
			18.257), Vector(-32.038, -7.561, -2.333), 0, Vector(-21.060, -7.341, -2.003), 0, 0, Vector(17.614, 0.249, -2.256), 0, 0,
			Vector(2.131, -5.672, -1.209), Vector(2.069, -5.884, -0.873), Vector(1.897, -6.028, -0.607), 0, 0, 0, 0, Vector(-9.145, -1.450,
			25.785), Vector(-21.574, -5.450, 37.210), 0, 0, Vector(17.785, -5.615, 35.340), Vector(-5.760, -8.874, 53.847), Vector(-12.123,
			-5.973, 59.044), Vector(7.210, -10.131, 62.996), Vector(24.448, -6.095, 19.823), Vector(-21.861, -5.407, -12.891));
		Global.Jump_Start = Array(Vector(2.112, -8.429, 16.099), Vector(1.988, -8.426, 8.967), Vector(2.053, -8.428, 8.878), Vector(2.141,
			-8.364, 2.957), Vector(0.413, 1.550, 3.187), Vector(0.165, 1.595, 12.264), Vector(1.820, 1.550, 0.105), Vector(-5.947, 0.526,
			-0.873), Vector(-3.642, 0.550, 26.972));
		Global.Jump_End = Array(Vector(2.054, -8.363, 14.633), Vector(2.025, -8.550, 10.900), Vector(1.962, -8.552, 7.415), Vector(2.148,
			-8.377, 3.465), Vector(0.345, 1.232, 5.908), Vector(0.136, 1.423, 9.272), Vector(0.060, 1.550, -0.091), Vector(-3.976, 0.950,
			-0.807), Vector(-5.667, -0.282, 26.161));
	}
