	actions
	{
		Global.Path_Nodes = Array(Vector(-59.288, 4.845, -41.178), Vector(-51.927, 4.847, -36.868), Vector(-46.934, 4.845, -39.428),
			Vector(-52.173, 4.847, -31.483), Vector(-47.146, 4.858, -28.816), Vector(-42.372, 4.858, -37.067), Vector(-32.066, 4.858,
			-31.278), Vector(-27.432, 4.976, -21.104), Vector(-24.021, 4.976, -17.278), Vector(-31.695, 4.976, -15.147), Vector(-34.023,
			4.976, -19.477), Vector(-37.729, 5.062, -14.285), Vector(-28.805, 9.976, -23.734), Vector(-30.933, 9.976, -14.173), Vector(
			-35.539, 9.986, -11.828), Vector(-39.210, 9.986, -20.531), Vector(-32.911, 10.242, -1.863), Vector(-28.118, 10.254, 0.861),
			Vector(-36.003, 12.151, 3.727), Vector(-31.196, 12.132, 7.809), Vector(-30.001, 11.135, 3.686), Vector(-45.288, 4.858,
			-22.238), Vector(-49.763, 4.858, -17.960), Vector(-55.866, 4.851, -17.118), Vector(-54.386, 4.881, -11.377), Vector(-49.752,
			4.858, -6.335), Vector(-45.503, 4.858, -14.188), Vector(-43.853, 4.876, -3.416), Vector(-38.564, 4.858, -8.198), Vector(-8.397,
			5.569, 13.485), Vector(-12.904, 5.569, 9.144), Vector(-18.972, 5.569, 13.150), Vector(-22.395, 5.628, 11), Vector(-16.205,
			5.617, 1.376), Vector(-30.887, 4.884, 6.944), Vector(-39.776, 4.897, 1.943), Vector(-28.141, 4.858, -1.425), Vector(-20.196,
			4.747, -2.966), Vector(-23.723, 4.858, 3.753), Vector(-15.039, 4.992, -2.239), Vector(-13.073, 4.567, -6.997), Vector(-6.121,
			4.567, -7.743), Vector(-4.961, 4.567, -4.001), Vector(-7.910, 4.567, -0.422), Vector(-9.256, 9.684, -9.635), Vector(-16.364,
			10.123, -12.713), Vector(-20.262, 10.205, -13.982), Vector(-23.628, 9.957, -22.350), Vector(10.429, 10.655, -38.012), Vector(
			4.473, 10.339, -45.073), Vector(11.665, 10.533, -43.668), Vector(-4.848, 10.168, -40.566), Vector(-8.188, 10.085, -38.166),
			Vector(-17.646, 10.146, -35.505), Vector(-9.062, 10.085, -41.736), Vector(-29.784, 9.701, -46.439), Vector(-37.040, 10.435,
			-45.213), Vector(-44.070, 11.393, -40.466), Vector(-47.881, 10.948, -32.087), Vector(-46.742, 10.479, -22.825), Vector(-49.008,
			10.409, -16.881), Vector(-55.053, 10.317, -17.260), Vector(-11.441, 10.083, -48.909), Vector(-14.917, 10.083, -44.024), Vector(
			-19.106, 10.191, -39.567), Vector(-7.741, 4.897, -45.532), Vector(-5.519, 4.976, -37.443), Vector(-11.617, 4.940, -33.501),
			Vector(-10.741, 5.038, -40.653), Vector(-11.709, 5.038, -44.773), Vector(-17.677, 5.038, -45.117), Vector(-15.376, 5.038,
			-39.238), Vector(-22.794, 5.038, -43.810), Vector(-21.861, 4.859, -38.643), Vector(-18.880, 4.859, -33.121), Vector(6.394,
			3.643, -11.470), Vector(-4.361, 4.441, -12.986), Vector(-11.033, 4.857, -18.612), Vector(-17.153, 4.821, -12.671), Vector(
			-17.381, 4.858, -27.590), Vector(-23.355, 5.033, -23.646), Vector(-26.781, 4.858, -32.013), Vector(-12.297, 4.858, -53.993),
			Vector(-23.990, 4.843, -51.754), Vector(-28.144, 4.860, -43.430), Vector(-29.672, 4.860, -51.001), Vector(-36.299, 5.176,
			-47.563), Vector(-35.604, 4.858, -40.953), Vector(-28.741, 4.858, -38.328), Vector(-40.614, 4.858, -30.818), Vector(-32.969,
			14.302, -9.539), Vector(-38.662, 14.302, -22.017), Vector(-28.818, 14.148, -26.623));
		Global.Healthkits = Array(Vector(-8.851, 4.567, 0.610), Vector(-12.706, 5.038, -47.101));
		Global.Staircase_Top = Array(Vector(-30.006, 9.982, -27.765), Vector(-32.942, 10.002, -7.424), Vector(-22.920, 9.420, -48.136),
			Vector(12.922, 10.475, -25.402), Vector(-25.330, 11.397, -34.782), Vector(-24.516, 11.393, -37.517));
		Global.Staircase_Bottom = Array(Vector(-41.644, 4.858, -22.511), Vector(-20.612, 5.030, -12.902), Vector(-12.911, 4.819, -50.741),
			Vector(-7.191, 5.456, -32.004), Vector(-26.716, 9.980, -29.086), Vector(-23.183, 9.420, -42.299));
		Global.Healthkits_Small = Array();
		Global.Healthkits_Large = Array(Vector(-8.851, 4.567, 0.610), Vector(-12.706, 5.038, -47.101));
		Global.Staircase_Middle = Array(0, 0, 0, Vector(-1.141, 8.488, -21.921), 0, 0);
		Global.Jump_Start = Array(Vector(-47.640, 10.472, -23.039), Vector(-39.454, 9.986, -20.790));
		Global.Jump_End = Array(Vector(-45.996, 10.487, -22.497), Vector(-41.510, 10.206, -21.163));
	}
