	actions
	{
		Global.Path_Nodes = Array(Vector(-90.531, 10.550, -47.505), Vector(-102.086, 10.550, -26.313), Vector(-106.429, 10.550, -42.552),
			Vector(-86.802, 10.550, -31.743), Vector(-81.816, 10.550, -42.111), Vector(-76.858, 10.550, -41.118), Vector(-69.876, 9.555,
			-40.838), Vector(-75.117, 1.550, 8.024), Vector(-77.498, 1.550, 17.722), Vector(-96.406, 10.550, -36.908), Vector(-60.544,
			13.550, -8.719), Vector(-54.566, 14.014, -8.997), Vector(-60.949, 14.046, -13.654), Vector(-80.468, 10.579, -17.604), Vector(
			-83.454, 10.550, -12.923), Vector(-87.998, 10.550, -15.273), Vector(-93.745, 10.550, -20.450), Vector(-96.790, 10.550,
			-14.014), Vector(-90.498, 10.550, -11.345), Vector(-88.284, 10.550, -25.183), Vector(-82.003, 10.550, -36.021), Vector(61.094,
			14.046, -13.808), Vector(54.539, 14.015, -9.096), Vector(60.924, 13.550, -6.768), Vector(55.453, 7.050, -2.503), Vector(63.562,
			7.050, -0.393), Vector(48.839, 3.550, 7.149), Vector(45.271, 3.550, 7.656), Vector(43.507, 3.550, 0.665), Vector(45.970, 5.550,
			-34.486), Vector(50.302, 5.550, -32.811), Vector(8.936, 2.550, -29.990), Vector(0.315, 2.550, -31.773), Vector(-9.277, 2.550,
			-29.899), Vector(-6.023, 2.550, -28.512), Vector(5.555, 2.550, -28.435), Vector(5.858, 2.550, -15.859), Vector(-6.113, 2.550,
			-15.521), Vector(-14.297, 2.550, -20.678), Vector(-5.866, 3.187, -10.938), Vector(-0.233, 3.305, -8.988), Vector(5.300, 3.337,
			-10.033), Vector(14.495, 2.550, -20.604), Vector(7.360, 3.550, -2.723), Vector(-7.200, 3.550, -2.271), Vector(-21.565, 9.166,
			-18.541), Vector(-26.936, 9.050, -11.216), Vector(-31.186, 9.039, -6.516), Vector(-25.095, 9.039, -3.431), Vector(21.608,
			9.166, -18.462), Vector(26.373, 9.050, -13.008), Vector(31.119, 9.039, -6.391), Vector(24.672, 9.039, -3.127), Vector(30.956,
			3.550, 1.206), Vector(28.075, 3.550, -2.146), Vector(25.555, 3.550, 4.659), Vector(22.927, 3.583, 9.460), Vector(21.608, 3.550,
			-1.415), Vector(15.655, 3.550, -1.355), Vector(14.322, 3.583, 5.792), Vector(15.583, 3.550, -9.150), Vector(28.788, 3.550,
			-10.893), Vector(28.602, 3.550, -18.464), Vector(28.825, 3.550, -5.755), Vector(26.098, 3.550, -10.286), Vector(41.212, 3.550,
			12.770), Vector(38.988, 3.583, 20.336), Vector(45.304, 3.583, 27.681), Vector(37.537, 3.470, 27.260), Vector(25.979, 4.550,
			32.895), Vector(18.593, 4.550, 27.327), Vector(9.584, 4.550, 24.139), Vector(4.257, 1.868, 18.808), Vector(-3.309, 1.868,
			19.085), Vector(-9.817, 4.550, 23.497), Vector(-18.453, 4.550, 26.886), Vector(-25.866, 4.550, 33.492), Vector(-14.257, 3.583,
			6.242), Vector(-15.688, 3.550, -1.766), Vector(-15.717, 3.550, -8.848), Vector(-26.128, 3.550, -10.650), Vector(-28.943, 3.550,
			-10.600), Vector(-29.005, 3.550, -6.132), Vector(-28.725, 3.550, -18.893), Vector(-56.183, 7.050, -2.381), Vector(-63.663,
			7.050, -1.002), Vector(-48.921, 3.568, 7.342), Vector(-45.059, 3.550, 7.316), Vector(-42.367, 3.550, 0.198), Vector(-41.554,
			3.550, 11.182), Vector(-42.329, 3.550, 17.057), Vector(-38.521, 3.470, 21.095), Vector(-45.401, 3.583, 28.050), Vector(-37.463,
			3.470, 27.054), Vector(76.407, 1.550, 8.580), Vector(-58.501, 8.550, -24.324), Vector(-60.072, 8.550, -30.915), Vector(-66.761,
			8.550, -30.284), Vector(80.343, 10.579, -17.466), Vector(82.342, 10.550, -13.262), Vector(88.053, 10.550, -15.915), Vector(
			89.960, 10.550, -12.621), Vector(95.970, 10.550, -14.702), Vector(93.542, 10.550, -20.277), Vector(102.826, 10.550, -26.279),
			Vector(96.386, 10.550, -37.275), Vector(86.958, 10.550, -31.981), Vector(90.212, 10.550, -26.345), Vector(84.239, 10.550,
			-37.313), Vector(81.199, 10.550, -43.963), Vector(90.915, 10.550, -46.959), Vector(107.107, 10.550, -42.369), Vector(76.774,
			10.550, -41.501));
		Global.Healthkits = Array(Vector(-66.308, 9.555, -39.180), Vector(-52.951, 5.550, -34.484), Vector(-45.991, 2.550, 18.098), Vector(
			-19.975, 4.550, 25.012), Vector(0.014, 2.550, -36.349), Vector(-18.740, 2.550, -27.882), Vector(18.657, 2.550, -27.896),
			Vector(52.951, 5.550, -34.496), Vector(66.363, 9.558, -39.069), Vector(90.208, 10.550, -10.434), Vector(45.946, 2.550, 18.085),
			Vector(19.790, 4.550, 24.869), Vector(-90.549, 10.550, -9.879), Vector(21.589, 9.050, -9.136), Vector(-21.555, 9.050, -8.998));
		Global.ObjectiveA_Nodes = Array(Vector(-2.844, 2.019, 12.264), Vector(-2.870, 2.019, 8.130), Vector(2.828, 1.902, 8.214), Vector(
			2.851, 2.019, 12.348), Vector(-0.188, 2.364, 12.654), Vector(0.046, 2.342, 7.564), Vector(-6.176, 1.869, 8.182), Vector(
			-10.095, 2.268, 8.449), Vector(-14.080, 3.049, 9.218), Vector(-17.909, 3.509, 10.697), Vector(-22.337, 3.543, 12.822), Vector(
			-26.145, 3.470, 14.805), Vector(-29.427, 3.470, 13.820), Vector(-32.083, 3.583, 10.781), Vector(-33.592, 3.400, 6.783), Vector(
			-34.434, 3.400, 2.437), Vector(-34.765, 3.400, -2.115), Vector(-34.784, 3.400, -6.952), Vector(-34.834, 3.400, -11.350),
			Vector(-34.883, 3.400, -15.747), Vector(-34.837, 3.400, -20.057), Vector(-34.744, 3.513, -24.180), Vector(-34.663, 4.885,
			-27.524), Vector(-34.558, 5.631, -31.388), Vector(-33.453, 5.400, -34.343), Vector(-30.226, 5.400, -34.637), Vector(-28.096,
			5.400, -32.640), Vector(-27.879, 6.074, -29.099), Vector(-27.835, 7.821, -25.656), Vector(-27.923, 8.652, -22.071), Vector(
			-30.706, 8.652, -19.670), Vector(-34.462, 9.073, -19.585), Vector(-38.575, 9.401, -19.712), Vector(-42.797, 9.401, -19.751),
			Vector(-45.043, 9.046, -19.701), Vector(-48.727, 8.400, -19.522), Vector(-52.772, 8.400, -19.582), Vector(-56.203, 8.400,
			-19.581), Vector(-59.985, 8.400, -19.817), Vector(-63.273, 8.400, -20.465), Vector(-66.560, 8.400, -22.132), Vector(-69.488,
			8.718, -23.924), Vector(-71.768, 8.533, -24.993), Vector(-6.079, 1.870, 12.410), Vector(-9.300, 2.187, 12.662), Vector(-12.922,
			3.024, 13.367), Vector(-16.144, 3.500, 14.415), Vector(-19.552, 3.559, 15.854), Vector(-23.041, 3.491, 17.320), Vector(-26.598,
			3.470, 18.844), Vector(-30.379, 3.470, 18.087), Vector(-32.840, 3.583, 15.368), Vector(-34.852, 3.583, 12.178), Vector(-36.673,
			3.400, 8.162), Vector(-37.374, 3.400, 4.150), Vector(-37.673, 3.400, 0.280), Vector(-37.813, 3.400, -4.117), Vector(-37.883,
			3.400, -8.339), Vector(-37.928, 3.400, -12.297), Vector(-37.972, 3.400, -16.167), Vector(-38.016, 3.400, -20.037), Vector(
			-38.061, 3.474, -23.993), Vector(-38.080, 4.913, -27.595), Vector(-37.975, 5.625, -31.378), Vector(-37.150, 5.400, -35.011),
			Vector(-34.546, 5.400, -37.642), Vector(-30.313, 5.400, -37.891), Vector(-26.552, 5.400, -36.079), Vector(-25.178, 5.400,
			-32.452), Vector(-25.247, 6.209, -28.842), Vector(-25.293, 8.032, -25.244), Vector(-25.511, 8.650, -20.906), Vector(-27.862,
			8.650, -17.655), Vector(-31.827, 8.650, -16.940), Vector(-36.468, 9.389, -16.773), Vector(-40.391, 9.400, -16.818), Vector(
			-44.857, 9.112, -16.857), Vector(-48.777, 8.399, -16.857), Vector(-52.753, 8.399, -16.857), Vector(-57.084, 8.399, -16.857),
			Vector(-61.196, 8.399, -16.857), Vector(-65.194, 8.399, -17.277), Vector(-68.579, 8.399, -18.516), Vector(-72.015, 8.718,
			-20.300), Vector(-74.541, 8.530, -22.022), Vector(5.316, 1.870, 12.473), Vector(9.064, 2.266, 12.739), Vector(12.771, 2.993,
			13.420), Vector(16.521, 3.522, 14.812), Vector(19.938, 3.556, 16.216), Vector(23.224, 3.485, 17.698), Vector(26.216, 3.470,
			19.187), Vector(30.123, 3.470, 18.955), Vector(32.787, 3.470, 16.048), Vector(34.807, 3.583, 12.684), Vector(36.627, 3.400,
			8.317), Vector(37.447, 3.400, 4.356), Vector(37.833, 3.400, 0.209), Vector(38.063, 3.400, -3.946), Vector(38.112, 3.400,
			-8.396), Vector(38.183, 3.400, -12.442), Vector(38.232, 3.400, -16.928), Vector(38.279, 3.400, -21.149), Vector(38.322, 3.823,
			-25.047), Vector(38.351, 5.401, -29.519), Vector(38.409, 5.558, -33.539), Vector(35.894, 5.400, -36.880), Vector(31.323, 5.400,
			-37.590), Vector(26.892, 5.400, -36.419), Vector(25.544, 5.400, -32.235), Vector(25.443, 6.662, -27.946), Vector(25.399, 8.438,
			-24.421), Vector(25.420, 8.650, -20.783), Vector(27.863, 8.650, -17.790), Vector(32.037, 8.654, -17.354), Vector(36.213, 9.372,
			-17.104), Vector(40.255, 9.402, -17.013), Vector(45.054, 9.044, -16.905), Vector(49.265, 8.400, -16.809), Vector(53.486, 8.400,
			-16.714), Vector(57.855, 8.400, -16.616), Vector(62.281, 8.400, -16.630), Vector(66.456, 8.400, -17.036), Vector(70.297, 8.400,
			-18.792), Vector(73.564, 8.400, -20.863), Vector(6.131, 1.869, 8.253), Vector(9.790, 2.212, 8.396), Vector(13.547, 2.939,
			9.036), Vector(17.488, 3.490, 10.419), Vector(21.541, 3.549, 12.368), Vector(25.450, 3.476, 14.421), Vector(29.010, 3.470,
			14.724), Vector(31.278, 3.583, 11.540), Vector(33.039, 3.400, 7.870), Vector(33.916, 3.400, 3.381), Vector(34.306, 3.400,
			-0.918), Vector(34.519, 3.400, -5.403), Vector(34.560, 3.400, -10.064), Vector(34.560, 3.400, -14.726), Vector(34.560, 3.400,
			-19.387), Vector(34.503, 3.523, -24.215), Vector(34.489, 5.256, -28.476), Vector(34.321, 5.805, -32.044), Vector(30.475, 5.400,
			-33.543), Vector(28.477, 5.447, -30.542), Vector(28.407, 7.073, -27.144), Vector(28.522, 8.650, -23.044), Vector(31.068, 8.650,
			-20.348), Vector(35.660, 9.281, -20.314), Vector(39.816, 9.402, -20.213), Vector(44.379, 9.256, -20.202), Vector(48.922, 8.400,
			-20.202), Vector(53.604, 8.400, -20.202), Vector(58.490, 8.400, -20.202), Vector(62.611, 8.400, -20.511), Vector(66.609, 8.400,
			-21.955), Vector(69.659, 8.662, -23.637), Vector(72.063, 8.583, -24.442));
		Global.ObjectiveB_Nodes = Array();
		Global.Chokepoint = Array();
		Global.Staircase_Top = Array(Vector(-79.106, 10.550, -34.598), Vector(-76.659, 10.579, -37.547), Vector(-59.940, 9.555, -38.445),
			Vector(-70.963, 10.550, -9.923), Vector(-63.360, 13.550, -3.475), Vector(-50.579, 8.551, -23.843), Vector(-46.020, 6.550,
			-6.624), Vector(-51.758, 8.550, -11.256), Vector(-63.439, 7.059, 4.097), Vector(-57.606, 3.568, 8.480), Vector(-52.634, 2.550,
			22.297), Vector(-76.678, 1.550, 24.438), Vector(-46.311, 3.550, 11.747), Vector(-48.234, 3.583, 25.717), Vector(-29.236, 4.550,
			30.125), Vector(-10.667, 4.550, 19.595), Vector(-15.002, 4.557, -36.487), Vector(-21.671, 5.549, -38.599), Vector(15.054,
			4.550, -36.355), Vector(21.412, 5.550, -38.326), Vector(-42.915, 5.551, -30.290), Vector(45.875, 6.550, -6.290), Vector(51.494,
			8.550, -11.337), Vector(50.535, 8.550, -23.658), Vector(70.502, 10.550, -9.896), Vector(63.512, 13.550, -3.406), Vector(63.580,
			7.050, 4.250), Vector(57.998, 3.550, 8.461), Vector(53.150, 2.550, 22.417), Vector(47.883, 3.583, 25.317), Vector(46.317,
			3.550, 11.822), Vector(76.760, 1.551, 24.833), Vector(29.364, 4.551, 29.993), Vector(10.663, 4.550, 19.443), Vector(22.733,
			3.550, -18.438), Vector(-22.625, 3.550, -18.464), Vector(43.182, 5.550, -30.107), Vector(-84.828, 10.550, -23.575), Vector(
			-85.827, 10.579, -20.609), Vector(-71.999, 9.550, -35.321), Vector(-74.669, 10.550, -38.563), Vector(45.738, 6.550, -5.721),
			Vector(-45.827, 6.550, -5.565), Vector(59.967, 9.558, -37.329), Vector(75.179, 10.550, -38.553), Vector(79.589, 10.550,
			-34.698), Vector(76.904, 10.579, -37.102), Vector(71.502, 9.550, -34.960), Vector(85.029, 10.550, -23.898), Vector(86.138,
			10.551, -20.804));
		Global.Staircase_Bottom = Array(Vector(-75.069, 8.550, -32.031), Vector(-73.743, 8.550, -33.312), Vector(-59.843, 8.550, -34.245),
			Vector(-67.699, 8.548, -15.497), Vector(-70.803, 10.550, -5.828), Vector(-50.461, 5.550, -30.728), Vector(-45.615, 3.550,
			-13.386), Vector(-51.626, 6.550, -6.783), Vector(-53.487, 3.568, 4.291), Vector(-69.290, 1.550, 8.453), Vector(-63.244, 0.550,
			25.029), Vector(-73.639, 0.550, 24.568), Vector(-47.293, 2.550, 15.023), Vector(-50.807, 2.550, 23.914), Vector(-31.653, 3.470,
			27.693), Vector(-12.104, 2.896, 14.907), Vector(-15.067, 2.550, -31.549), Vector(-18.527, 4.557, -38.649), Vector(15.008,
			2.550, -31.417), Vector(18.465, 4.550, -38.390), Vector(-43.128, 3.548, -22.909), Vector(45.843, 3.550, -13.531), Vector(
			50.881, 6.550, -6.640), Vector(50.469, 5.550, -30.474), Vector(67.550, 8.600, -15.872), Vector(70.859, 10.550, -5.965), Vector(
			53.541, 3.561, 4.273), Vector(69.584, 1.550, 8.508), Vector(63.406, 0.550, 24.840), Vector(50.681, 2.550, 23.156), Vector(
			47.094, 2.550, 14.692), Vector(73.608, 0.550, 24.957), Vector(31.371, 3.428, 27.924), Vector(11.766, 2.820, 15.040), Vector(
			19.535, 2.550, -18.429), Vector(-19.396, 2.550, -18.517), Vector(43.239, 3.550, -23.128), Vector(-80.798, 8.550, -21.461),
			Vector(-81.381, 8.550, -20.626), Vector(-73.180, 8.548, -32.574), Vector(-68.337, 8.550, -35.099), Vector(41.201, 3.550,
			-9.241), Vector(-41.063, 3.550, -10.129), Vector(59.896, 8.550, -33.963), Vector(67.666, 8.550, -34.481), Vector(75.391, 8.550,
			-31.978), Vector(74.091, 8.607, -34.041), Vector(72.740, 8.550, -32.798), Vector(80.708, 8.550, -21.687), Vector(81.389, 8.550,
			-20.021));
		Global.Healthkits_Small = Array(Vector(-66.308, 9.555, -39.180), Vector(-52.951, 5.550, -34.484), Vector(-19.975, 4.550, 25.012),
			Vector(-18.740, 2.550, -27.882), Vector(18.657, 2.550, -27.896), Vector(52.951, 5.550, -34.496), Vector(66.363, 9.558,
			-39.069), Vector(90.208, 10.550, -10.434), Vector(19.790, 4.550, 24.869), Vector(-90.549, 10.550, -9.879), Vector(21.589,
			9.050, -9.136), Vector(-21.555, 9.050, -8.998));
		Global.Healthkits_Large = Array(Vector(-45.991, 2.550, 18.098), Vector(0.014, 2.550, -36.349), Vector(45.946, 2.550, 18.085));
		Global.Staircase_Middle = Array(0, 0, 0, 0, Vector(-66.294, 12.553, -3.342), 0, 0, 0, 0, 0, 0, 0, 0, 0, 0, 0, 0, 0, 0, 0, 0, 0, 0,
			0, 0, Vector(66.347, 12.550, -3.580), 0, 0, 0, 0, 0, 0, 0, 0, 0, 0, 0, 0, 0, 0, Vector(-71.427, 9.550, -36.797), Vector(42.695,
			5.353, -6.258), Vector(-42.695, 5.651, -6.930), 0, Vector(72.003, 9.550, -36.835), 0, 0, 0, 0, 0);
		Global.Jump_Start = Array();
		Global.Jump_End = Array();
	}
