	actions
	{
		Global.Path_Nodes = Array(Vector(-122.464, -0.039, -86.338), Vector(-112.839, 0.301, -88.146), Vector(-104.229, 0.570, -83.275),
			Vector(-98.330, 0.550, -87.142), Vector(-119.758, 0.256, -76.340), Vector(-111.328, 0.559, -71.460), Vector(-113.821, 0.550,
			-60.108), Vector(-110.393, 0.550, -58.258), Vector(-115.912, 0.550, -48.498), Vector(-102.227, 0.550, -40.596), Vector(
			-101.316, 0.550, -57.644), Vector(-86.899, -1.450, -41.861), Vector(-78.215, 2.568, -38.607), Vector(-71.503, 2.567, -40.349),
			Vector(-73.463, 2.550, -41.730), Vector(-76.563, 2.550, -47.572), Vector(-71.608, 2.567, -50.140), Vector(-77.389, 2.567,
			-53.361), Vector(-82.798, -1.450, -48.888), Vector(-95.050, 0.550, -85.267), Vector(-89.253, 0.550, -94.271), Vector(-72.476,
			0.548, -90.474), Vector(-75.213, 0.548, -86.232), Vector(-84.381, 0.550, -82.413), Vector(-79.113, 0.550, -84.239), Vector(
			-81.523, 0.550, -89.914), Vector(-72.893, 0.550, -96.306), Vector(-68.726, 0.550, -88.383), Vector(-71.778, 0.550, -84.010),
			Vector(-74.840, 0.549, -78.646), Vector(-71.726, 0.549, -79.427), Vector(-65.163, 0.550, -91.343), Vector(-76.698, -1.398,
			-52.531), Vector(-73.604, -1.397, -64.431), Vector(-54.290, -1.450, -64.253), Vector(-59.968, -1.450, -57.468), Vector(-59.379,
			-1.395, -63.372), Vector(-70.522, -1.430, -66.680), Vector(-64.632, 2.567, -73.973), Vector(-70.406, 2.550, -71.849), Vector(
			-67.009, 2.550, -65.247), Vector(-66.255, 2.567, -59.562), Vector(-64.153, 2.984, -56.049), Vector(-70.154, 2.699, -59.539),
			Vector(-71.342, 2.566, -63.064), Vector(-39.089, -8.950, -96.433), Vector(-34.967, -8.950, -96.707), Vector(-34.918, -8.950,
			-85.658), Vector(-39.662, -8.950, -86.809), Vector(-46.979, -8.950, -87.580), Vector(-46.975, -0.450, -86.176), Vector(-46.900,
			-0.396, -80.021), Vector(-40.979, -0.396, -86.077), Vector(-26.910, -0.450, -86.771), Vector(-37.619, -0.450, -83.682), Vector(
			-37.503, -0.450, -76.160), Vector(-40.792, -0.450, -77.906), Vector(-59.108, -4.400, -90.838), Vector(-53.133, -4.398,
			-85.965), Vector(-40.654, -4.400, -85.022), Vector(-37.595, -4.400, -75.735), Vector(-35.350, -4.450, -86.886), Vector(-27.167,
			-4.400, -86.884), Vector(-20.305, -4.450, -83.190), Vector(-20.269, -4.450, -77.263), Vector(-23.987, -4.450, -74.206), Vector(
			-15.420, -4.450, -76.741), Vector(-15.611, -4.450, -70.485), Vector(-9.339, -4.450, -74.784), Vector(-30.229, -0.226, -63.769),
			Vector(-37.364, -0.284, -64.778), Vector(-31.988, 1.550, -62.037), Vector(-35.898, 1.550, -62.240), Vector(-32.640, 1.567,
			-48.480), Vector(-34.626, 1.566, -44.956), Vector(-37.298, 1.550, -48.272), Vector(-31.808, 1.550, -55.524), Vector(-37.464,
			1.550, -56.458), Vector(-46.251, -0.451, -37.943), Vector(-45.560, -0.451, -30.905), Vector(-52.776, -0.451, -35.429), Vector(
			-52.056, -0.451, -27.601), Vector(-72.025, -1.450, -36.030), Vector(-64.340, -1.448, -31.524), Vector(-58.780, -1.206,
			-38.844), Vector(-70.214, -1.446, -40.652), Vector(-62.154, -1.442, -35.914), Vector(-62.457, -1.574, -45.796), Vector(-42.462,
			-4.450, -61.286), Vector(-38.511, -4.448, -55.759), Vector(-28.063, -4.398, -55.104), Vector(-10.691, -3.458, -44.037), Vector(
			-14.378, -4.220, -46.149), Vector(-17.478, -4.192, -40.783), Vector(-20.968, 0.595, -40.009), Vector(-23.777, 0.595, -34.582),
			Vector(-41.034, -0.450, -27.920), Vector(-39.482, -0.450, -22.757), Vector(0.072, 2.213, -9.840), Vector(-16.265, 1.550,
			-3.803), Vector(-23.750, 1.546, -4.431), Vector(-21.654, 1.550, 8.084), Vector(-15.465, 1.550, 7.727), Vector(-3.812, 1.550,
			10.849), Vector(-3.784, 1.550, 16.785), Vector(3.825, 1.550, 16.609), Vector(3.445, 1.550, 10.743), Vector(-0.114, 1.550,
			4.967), Vector(14.659, 1.550, 7.913), Vector(22.066, 1.550, 7.911), Vector(24.408, 1.547, -4.725), Vector(15.826, 1.550,
			-3.943), Vector(11.925, 4.552, -40.943), Vector(15.464, 4.638, -40.319), Vector(15.217, 4.552, -36.013), Vector(18.135, 4.552,
			-31.227), Vector(22.101, 4.638, -28.921), Vector(17.443, 4.638, -26.953), Vector(22.830, 4.552, -22.448), Vector(-11.883,
			4.552, -41.368), Vector(-15.369, 4.631, -39.949), Vector(-15.188, 4.552, -36.109), Vector(-17.912, 4.552, -30.895), Vector(
			-17.154, 4.631, -27.103), Vector(-21.985, 4.631, -28.972), Vector(-21.980, 4.552, -23.498), Vector(0.545, 1.548, -29.268),
			Vector(0.313, 2.423, -26.576), Vector(-6.001, 2.550, -23.038), Vector(5.827, 2.550, -23.174), Vector(21.288, 1.001, -40.085),
			Vector(24.174, 0.910, -34.358), Vector(-18.841, -1.407, -29.819), Vector(18.916, -1.405, -29.583), Vector(10.681, -3.458,
			-44.318), Vector(14.151, -4.180, -46.408), Vector(17.065, -4.088, -40.986), Vector(42.554, -0.450, -28.761), Vector(40.345,
			-0.450, -21.820), Vector(46.579, -0.450, -31.296), Vector(45.848, -0.451, -38.583), Vector(51.784, -0.451, -28.160), Vector(
			51.239, -0.451, -34.746), Vector(57.973, -0.773, -38.758), Vector(34.620, 1.567, -44.941), Vector(32.340, 1.566, -48.432),
			Vector(38.623, 1.549, -49.406), Vector(33.791, 1.569, -57.192), Vector(35.943, 1.549, -61.946), Vector(31.951, 1.549, -62.359),
			Vector(29.854, -0.551, -64.199), Vector(37.405, -0.117, -64.194), Vector(27.791, -4.398, -54.713), Vector(39.747, -4.450,
			-56.106), Vector(42.174, -4.400, -61.118), Vector(9.634, -4.451, -75.712), Vector(14.732, -4.451, -75.200), Vector(15.001,
			-4.451, -68.351), Vector(19.076, -4.451, -78.160), Vector(23.613, -4.451, -74.357), Vector(22.313, -4.450, -86.793), Vector(
			27.318, -4.400, -87.007), Vector(35.854, -4.450, -86.763), Vector(38.034, -4.450, -75.518), Vector(40.716, -4.400, -84.925),
			Vector(52.998, -4.395, -85.947), Vector(47.098, -0.450, -85.535), Vector(47.030, -0.400, -79.797), Vector(41.034, -0.396,
			-86.187), Vector(37.865, -0.150, -75.947), Vector(40.641, -0.450, -77.950), Vector(37.647, -0.450, -83.237), Vector(26.892,
			-0.450, -87.059), Vector(59.212, -4.395, -90.896), Vector(46.787, -8.950, -86.837), Vector(39.059, -8.950, -96.870), Vector(
			35.013, -8.950, -97.151), Vector(34.966, -8.950, -85.344), Vector(38.935, -8.950, -87.608), Vector(52.246, -4.450, -71.967),
			Vector(60.150, -4.450, -73.887), Vector(62.423, -4.450, -78.939), Vector(59.054, -4.450, -84.621), Vector(73.275, 0.550,
			-77.502), Vector(64.966, 0.550, -91.190), Vector(69.138, 0.550, -88.520), Vector(73.023, 0.550, -90.729), Vector(75.386, 0.550,
			-86.400), Vector(71.455, 0.548, -83.979), Vector(84.108, 0.550, -82.232), Vector(79.806, 0.550, -84.147), Vector(86.687, 0.550,
			-93.380), Vector(72.831, 0.550, -96.030), Vector(78.396, 0.550, -93.480), Vector(64.873, 2.567, -73.843), Vector(69.962, 2.550,
			-72.022), Vector(65.860, 2.550, -66.603), Vector(71.360, 2.568, -62.709), Vector(65.687, 2.567, -59.675), Vector(70.113, 2.781,
			-59.622), Vector(63.994, 2.795, -55.969), Vector(71.894, 2.568, -40.405), Vector(78.335, 2.567, -38.674), Vector(74.001, 2.550,
			-41.715), Vector(76.300, 2.550, -47.518), Vector(71.180, 2.567, -50.329), Vector(76.730, 2.567, -52.936), Vector(71.628,
			-1.450, -36.659), Vector(64.146, -1.446, -32.275), Vector(62.074, -1.444, -36.285), Vector(69.788, -1.444, -40.523), Vector(
			63.549, -1.571, -46.341), Vector(59.353, -1.394, -63.216), Vector(54.338, -1.450, -64.464), Vector(59.326, -1.450, -58.369),
			Vector(73.845, -1.395, -64.610), Vector(62.140, -1.450, -65.192), Vector(77.077, -1.402, -52.559), Vector(81.589, -1.450,
			-48.655), Vector(86.709, -1.450, -42.189), Vector(89.646, -1.452, -49.231), Vector(87.861, -1.452, -57.293), Vector(98.210,
			0.550, -47.588), Vector(113.538, 0.568, -47.599), Vector(102.028, 0.548, -40.802), Vector(114.916, 0.550, -49.812), Vector(
			110.266, 0.550, -57.849), Vector(103.146, 0.550, -63.484), Vector(99.664, 0.550, -55.471), Vector(114.704, 0.574, -60.751),
			Vector(111.477, 0.550, -71.502), Vector(120.330, -0.038, -76.546), Vector(113.239, 0.038, -88.520), Vector(104.633, 0.548,
			-83.426), Vector(99.118, 0.570, -87.697), Vector(94.928, 0.550, -85.079), Vector(88.778, 0.550, -94.241), Vector(91.198, 0.550,
			-79.384), Vector(89.790, 0.550, -82.387), Vector(93.071, -1.450, -62.361), Vector(89.090, -1.450, -70.156), Vector(93.485,
			-1.450, -76.759), Vector(100.278, -1.450, -64.960), Vector(-93.083, -1.450, -76.203), Vector(-99.309, -1.450, -64.812), Vector(
			-91.057, -1.450, -60.951), Vector(-88.574, -1.450, -53.684), Vector(-86.653, -1.450, -70.097), Vector(-79.146, -1.450,
			-70.592));
		Global.Healthkits = Array(Vector(-72.931, -1.450, -42.378), Vector(-73.342, 0.550, -100.803), Vector(-42.100, -4.450, -82.263),
			Vector(-0.035, -0.450, -69.019), Vector(-55.139, -0.451, -23.485), Vector(-26.612, 1.546, -4.496), Vector(27.341, 1.546,
			-4.527), Vector(54.978, -0.451, -24.355), Vector(42.123, -4.450, -82.323), Vector(73.353, 0.550, -100.854), Vector(73.527,
			-1.450, -43.277));
		Global.ObjectiveA_Nodes = Array(Vector(-1.885, 1.543, -1.794), Vector(1.711, 1.573, -1.794), Vector(1.673, 1.567, -4.873), Vector(
			-2.002, 1.406, -4.926), Vector(-5.159, 1.404, -7.419), Vector(-7.593, 0.526, -11.180), Vector(-8.440, -0.576, -15.751), Vector(
			-9.666, -0.617, -20.312), Vector(-13.789, -0.574, -23.172), Vector(-17.824, -1.423, -25.539), Vector(-21.629, -1.581, -27.731),
			Vector(-25.535, -2.197, -30.026), Vector(-28.337, -2.574, -33.303), Vector(-26.292, -3.185, -38.035), Vector(-24.838, -3.647,
			-40.403), Vector(-22.773, -4.315, -43.829), Vector(-19.778, -4.574, -47.602), Vector(-18.028, -4.368, -51.212), Vector(-18.138,
			-4.574, -55.603), Vector(-18.210, -4.574, -60.176), Vector(-18.398, -4.574, -64.744), Vector(-20.864, -4.574, -68.853), Vector(
			-25.784, -4.574, -69.823), Vector(-31.061, -4.574, -69.934), Vector(-36.425, -4.574, -69.992), Vector(-41.789, -4.574,
			-69.894), Vector(-47.405, -4.574, -68.979), Vector(-51.211, -4.574, -65.404), Vector(-53.825, -3.661, -61.076), Vector(-56.618,
			-1.999, -56.375), Vector(-60.079, -1.573, -51.831), Vector(-64.575, -1.573, -54.013), Vector(-69.670, -1.573, -56.808), Vector(
			-74.721, -1.573, -59.733), Vector(-78.531, -1.543, -61.981), Vector(-82.735, -1.271, -64.500), Vector(-4.951, 1.419, -3.220),
			Vector(-8.898, 1.361, -5.664), Vector(-11.487, 0.524, -9.667), Vector(-12.134, -0.368, -14.492), Vector(-12.594, -0.548,
			-19.088), Vector(-16.776, -0.864, -21.783), Vector(-21.670, -1.581, -24.583), Vector(-26.396, -2.072, -27.314), Vector(-30.157,
			-2.574, -30.506), Vector(-30.348, -2.574, -35.771), Vector(-28.057, -3.375, -40.358), Vector(-25.371, -4.310, -45.290), Vector(
			-23.485, -4.574, -49.703), Vector(-22.610, -4.574, -54.629), Vector(-22.207, -4.566, -59.993), Vector(-22.589, -4.575,
			-64.715), Vector(-27.834, -4.575, -66.096), Vector(-33.108, -4.575, -66.464), Vector(-38.732, -4.575, -66.432), Vector(-43.743,
			-4.575, -66.207), Vector(-47.697, -4.575, -63.940), Vector(-50.220, -3.985, -60.223), Vector(-52.507, -2.647, -56.463), Vector(
			-54.830, -1.573, -52.599), Vector(-58.165, -1.573, -49.078), Vector(-63.062, -1.573, -49.674), Vector(-67.653, -1.573,
			-52.291), Vector(-72.093, -1.573, -54.902), Vector(-76.768, -1.573, -57.600), Vector(-80.698, -1.544, -59.768), Vector(-84.318,
			-1.271, -61.730), Vector(4.572, 1.405, -6.848), Vector(7.342, 0.707, -10.569), Vector(8.224, -0.576, -15.395), Vector(10.107,
			-0.607, -20.529), Vector(14.497, -0.641, -23.554), Vector(18.966, -1.581, -26.186), Vector(23.775, -1.797, -29.073), Vector(
			28.193, -2.574, -32.368), Vector(26.639, -3.004, -36.976), Vector(23.918, -3.916, -41.722), Vector(21.065, -4.574, -46.305),
			Vector(18.659, -4.353, -51.245), Vector(18.628, -4.574, -56.951), Vector(18.583, -4.559, -62.843), Vector(20.380, -4.575,
			-68.427), Vector(26.513, -4.575, -69.564), Vector(32.488, -4.575, -69.613), Vector(38.397, -4.575, -69.674), Vector(44.363,
			-4.575, -69.421), Vector(49.762, -4.575, -66.745), Vector(53.096, -3.990, -61.904), Vector(56.070, -2.197, -56.809), Vector(
			59.015, -1.574, -52.229), Vector(64.658, -1.574, -54.547), Vector(69.746, -1.575, -57.206), Vector(75.279, -1.575, -60.270),
			Vector(79.961, -1.450, -63.070), Vector(83.637, -1.404, -65.301), Vector(5.342, 1.419, -3.137), Vector(9.867, 1.191, -6.329),
			Vector(11.941, 0.276, -10.952), Vector(12.216, -0.577, -16.242), Vector(15.001, -0.574, -20.594), Vector(19.579, -1.503,
			-23.321), Vector(24.281, -1.581, -25.963), Vector(29.059, -2.574, -28.781), Vector(31.288, -2.574, -33.263), Vector(29.843,
			-2.839, -37.691), Vector(27.366, -3.694, -42.188), Vector(24.920, -4.509, -46.402), Vector(23.002, -4.574, -50.534), Vector(
			22.561, -4.574, -55.183), Vector(22.434, -4.559, -60.283), Vector(22.995, -4.575, -65.289), Vector(27.519, -4.575, -65.933),
			Vector(31.904, -4.575, -66.104), Vector(36.653, -4.575, -66.053), Vector(41.754, -4.575, -66.053), Vector(46.318, -4.575,
			-65.403), Vector(49.207, -4.551, -61.791), Vector(51.583, -3.193, -58.008), Vector(53.803, -1.913, -54.426), Vector(56.025,
			-1.573, -50.702), Vector(60.359, -1.573, -48.627), Vector(64.924, -1.573, -50.604), Vector(68.702, -1.573, -52.854), Vector(
			72.439, -1.573, -55.007), Vector(75.872, -1.573, -56.984), Vector(79.533, -1.544, -59.094), Vector(82.432, -1.180, -60.756),
			Vector(85.297, -1.486, -62.173));
		Global.ObjectiveB_Nodes = Array();
		Global.Chokepoint = Array();
		Global.Staircase_Top = Array(Vector(-100.813, 0.591, -73.322), Vector(-107.420, 0.548, -63.442), Vector(-96.760, 0.550, -50.048),
			Vector(-74.482, 0.758, -35.001), Vector(-76.368, 2.242, -40.956), Vector(-82.750, 0.550, -77.614), Vector(-72.402, -1.450,
			-75.720), Vector(-67.370, 2.309, -72.333), Vector(-29.039, -4.450, -74.529), Vector(-58.133, -4.448, -96.748), Vector(-33.036,
			-0.448, -83.661), Vector(-48.896, -0.450, -77.787), Vector(-4.299, -0.450, -63.506), Vector(-41.781, 1.550, -45.588), Vector(
			-30.090, -2.450, -44.692), Vector(-16.773, -1.457, -33.120), Vector(-38.684, -0.450, -29.086), Vector(-35.063, -0.450,
			-24.346), Vector(-24.964, 4.552, -18.649), Vector(-15.315, 1.550, -9.644), Vector(-23.864, 1.546, -9.455), Vector(-7.443,
			1.548, -27.945), Vector(-7.822, 4.552, -38.979), Vector(23.447, 1.546, -9.640), Vector(15.553, 1.550, -9.635), Vector(7.720,
			1.548, -28.355), Vector(8.217, 4.552, -38.662), Vector(-9.144, 4.552, -46.854), Vector(9.080, 4.553, -46.512), Vector(25.165,
			4.552, -18.504), Vector(16.676, -1.457, -33.053), Vector(29.944, -2.450, -44.892), Vector(38.382, -0.450, -29.277), Vector(
			35.252, -0.450, -24.125), Vector(41.722, 1.549, -45.699), Vector(5.188, -0.450, -63.623), Vector(48.071, -0.449, -77.955),
			Vector(32.904, -0.450, -83.574), Vector(28.992, -4.450, -74.303), Vector(58.943, -4.450, -96.692), Vector(72.301, -1.450,
			-75.802), Vector(67.263, 2.222, -72.191), Vector(76.441, 2.202, -40.979), Vector(74.555, 1.774, -35.162), Vector(96.241, 0.550,
			-49.190), Vector(82.862, 0.550, -77.742), Vector(100.180, 0.591, -72.860));
		Global.Staircase_Bottom = Array(Vector(-96.617, -1.328, -70.987), Vector(-102.438, -1.449, -65.551), Vector(-91.655, -1.450,
			-47.062), Vector(-79.117, -1.450, -37.765), Vector(-84.735, -1.450, -45.851), Vector(-78.682, -1.452, -75.270), Vector(-68.678,
			-4.450, -81.734), Vector(-59.681, -1.450, -68.037), Vector(-28.948, -8.950, -84.868), Vector(-46.919, -8.950, -96.902), Vector(
			-32.999, -4.450, -74.579), Vector(-55.403, -4.450, -84.206), Vector(-6.535, -4.450, -73.521), Vector(-44.471, -0.451, -41.089),
			Vector(-27.485, -4.450, -48.881), Vector(-14.103, -3.458, -37.776), Vector(-34.330, -2.450, -30.613), Vector(-32.709, -2.450,
			-28.399), Vector(-36.856, -0.450, -18.882), Vector(-15.622, -0.451, -14.596), Vector(-21.085, -0.402, -14.262), Vector(-10.012,
			-0.450, -23.978), Vector(-11.342, 1.548, -32.851), Vector(20.564, -0.402, -14.356), Vector(15.693, -0.451, -14.300), Vector(
			9.999, -0.449, -24.187), Vector(11.404, 1.548, -33.040), Vector(-1.263, -0.448, -57.322), Vector(1.308, -0.450, -57.759),
			Vector(37.242, -0.450, -18.810), Vector(14.180, -3.458, -37.607), Vector(27.565, -4.449, -48.934), Vector(33.851, -2.450,
			-30.620), Vector(32.604, -2.450, -28.448), Vector(44.310, -0.451, -41.321), Vector(5.748, -4.450, -73.414), Vector(55.388,
			-4.450, -84.339), Vector(32.898, -4.450, -74.468), Vector(28.992, -8.950, -85.147), Vector(47.206, -8.950, -96.995), Vector(
			68.637, -4.450, -81.909), Vector(59.974, -1.450, -68.261), Vector(83.330, -1.450, -44.944), Vector(79.223, -1.450, -37.912),
			Vector(91.206, -1.450, -45.579), Vector(78.850, -1.450, -74.680), Vector(96.570, -1.450, -70.394));
		Global.Healthkits_Small = Array(Vector(-73.342, 0.550, -100.803), Vector(-42.100, -4.450, -82.263), Vector(-26.612, 1.546, -4.496),
			Vector(27.341, 1.546, -4.527), Vector(42.123, -4.450, -82.323), Vector(73.353, 0.550, -100.854));
		Global.Healthkits_Large = Array(Vector(-72.931, -1.450, -42.378), Vector(-0.035, -0.450, -69.019), Vector(-55.139, -0.451,
			-23.485), Vector(54.978, -0.451, -24.355), Vector(73.527, -1.450, -43.277));
		Global.Staircase_Middle = Array(0, Vector(-105.422, -0.200, -66.208), 0, 0, 0, 0, 0, 0, 0, 0, 0, Vector(-55.271, -2.448, -77.798),
			0, 0, 0, 0, 0, 0, Vector(-27.369, 3.543, -14.362), 0, 0, 0, 0, 0, 0, 0, 0, Vector(-1.302, 1.550, -52.606), Vector(1.450, 1.550,
			-52.395), Vector(28.169, 3.552, -13.771), 0, 0, 0, 0, 0, 0, Vector(54.928, -2.450, -77.927), 0, 0, 0, 0, 0, 0, 0, 0, 0, 0);
		Global.Jump_Start = Array();
		Global.Jump_End = Array();
	}
