	actions
	{
		Global.Path_Nodes = Array(Vector(-111.010, 12.550, -24.388), Vector(-105.043, 12.550, -18.594), Vector(-97.811, 12.550, -18.386),
			Vector(-97.810, 12.549, -30.489), Vector(-105.115, 12.550, -30.450), Vector(-95.258, 12.550, -36.284), Vector(-89.135, 12.550,
			-36.428), Vector(-84.991, 12.550, -46.008), Vector(-88.474, 12.550, -31.474), Vector(-86.612, 12.550, -25.445), Vector(-86.188,
			12.550, -16.911), Vector(-89.443, 12.550, -21.793), Vector(-98.186, 12.550, -12.818), Vector(-95.282, 12.550, -8.516), Vector(
			-88.620, 12.550, -8.234), Vector(-88.465, 12.550, -12.865), Vector(-84.264, 12.550, -6), Vector(-78.438, 9.550, -45.550),
			Vector(-69.399, 9.550, -39.597), Vector(-71.535, 9.550, -32.574), Vector(-62.963, 9.550, -36.683), Vector(-67.774, 9.550,
			-26.125), Vector(-61.858, 9.550, -21.336), Vector(-48.067, 11.550, -17.839), Vector(-47.914, 11.550, -10.428), Vector(-43.849,
			11.550, -18.817), Vector(-47.771, 11.550, -25.429), Vector(-43.586, 11.550, -25.575), Vector(-67.494, 9.627, -6.915), Vector(
			-76.015, 9.628, -6.860), Vector(-77.465, 9.546, -8.944), Vector(-83.907, 9.791, -2.560), Vector(-76.238, 9.559, 8.288), Vector(
			-66.111, 9.567, 6.932), Vector(-61.281, 9.629, -1.014), Vector(-57.274, 9.550, 10.465), Vector(-73.298, 9.560, -4.561), Vector(
			-79.114, 9.550, -16.682), Vector(-72.029, 9.550, -13.633), Vector(-41.860, 5.550, -43.572), Vector(-38.734, 5.550, -39.882),
			Vector(-42.085, 5.550, -36.739), Vector(-38.608, 5.550, -33.898), Vector(-41.681, 5.550, -30.514), Vector(-41.011, 5.550,
			-22.759), Vector(-41.286, 5.550, -15.513), Vector(-39.741, 5.384, -49.554), Vector(-9.638, 3.550, -46.063), Vector(-13.964,
			4.034, -49.343), Vector(-23.124, 4.550, -50.031), Vector(-22.723, 3.982, -45.205), Vector(-30.232, 4.550, -50.049), Vector(
			-29.904, 3.960, -45.585), Vector(-35.948, 4.550, -48.970), Vector(-35.813, 3.924, -45.498), Vector(-34.517, 3.670, -37.946),
			Vector(-8.653, 3.613, -39.517), Vector(-6.028, 3.550, -41.772), Vector(9.284, 3.613, -38.881), Vector(9.402, 3.550, -45.871),
			Vector(6.162, 3.550, -41.904), Vector(-0.084, 3.550, -36.446), Vector(-25.592, 5.550, -21.244), Vector(-18.520, 5.765,
			-20.319), Vector(-15.936, 6.613, -14.267), Vector(-28.097, 5.627, -16.095), Vector(-5.615, 6.528, -15.452), Vector(-6.341,
			6.691, -5.381), Vector(-2.106, 7.550, -21.958), Vector(2.022, 7.550, -21.961), Vector(0.040, 7.550, -15.813), Vector(1.893,
			7.550, -10.031), Vector(-2.245, 7.479, -9.957), Vector(0.003, 7.550, -2.609), Vector(2.066, 7.550, 4.074), Vector(-2.051,
			7.550, 4.021), Vector(0.048, 7.550, 9.241), Vector(2.146, 7.550, 14.233), Vector(-2.147, 7.550, 14.024), Vector(-32.551, 5.550,
			-0.976), Vector(-27.156, 5.576, -8.355), Vector(-30.877, 5.550, 9.684), Vector(-26.156, 5.550, 4.921), Vector(-26.062, 5.550,
			13.860), Vector(-30.772, 5.550, 18.674), Vector(-24.992, 5.550, 23.440), Vector(-19.959, 5.561, 18.659), Vector(-15.874, 5.613,
			14.865), Vector(-15.730, 5.550, 24.752), Vector(-6.771, 5.550, 24.190), Vector(-4.198, 5.550, 31.634), Vector(4.643, 5.550,
			31.243), Vector(6.203, 5.550, 24.030), Vector(20.062, 5.613, 18.946), Vector(16.085, 5.613, 15.151), Vector(16.045, 5.550,
			24.085), Vector(33.464, 5.550, -1.069), Vector(27.515, 5.572, -8.482), Vector(27.496, 5.548, 2.354), Vector(32.496, 5.548,
			7.870), Vector(26.804, 5.548, 11.531), Vector(31.492, 5.550, 16.291), Vector(25.698, 5.550, 23.831), Vector(8.900, 1.627,
			20.133), Vector(7.355, 1.550, 23.678), Vector(-8.959, 1.627, 19.801), Vector(-6.449, 1.550, 23.439), Vector(-10.267, 1.550,
			12.026), Vector(-2.494, 1.550, 15.755), Vector(2.656, 1.550, 15.669), Vector(10.726, 1.550, 11.393), Vector(3.304, 1.642,
			2.800), Vector(3.159, 2.550, -2.442), Vector(-3.447, 1.584, 3.332), Vector(-4.183, 2.548, -1.899), Vector(0.481, 1.549, 5.731),
			Vector(2.808, 2.558, -14.213), Vector(0.098, 2.560, -17.221), Vector(-2.901, 2.560, -13.741), Vector(-4.256, 2.569, -20.323),
			Vector(3.771, 2.568, -21.894), Vector(6.546, 6.620, -4.953), Vector(5.479, 6.664, -15.165), Vector(16.097, 6.613, -14.493),
			Vector(28.086, 5.627, -15.789), Vector(18.357, 6.105, -19.639), Vector(22.244, 5.550, -21.339), Vector(14.124, 4.112, -49.021),
			Vector(21.769, 4.550, -49.140), Vector(22.619, 3.954, -45.003), Vector(30.415, 4.550, -49.832), Vector(30.168, 3.907, -45.459),
			Vector(36.131, 4.550, -49.483), Vector(36.143, 4.110, -45.944), Vector(39.376, 5.201, -49.966), Vector(41.713, 5.550, -43.995),
			Vector(38.854, 5.550, -40.087), Vector(41.915, 5.550, -36.884), Vector(38.681, 5.550, -34.459), Vector(41.738, 5.550, -30.302),
			Vector(40.831, 5.550, -23.191), Vector(41.131, 5.550, -14.743), Vector(34.988, 3.676, -37.677), Vector(27.618, 3.569, -43.301),
			Vector(43.614, 11.550, -18.707), Vector(48.002, 11.550, -10.827), Vector(44.045, 11.550, -25.845), Vector(47.672, 11.550,
			-18.350), Vector(47.979, 11.550, -25.555), Vector(56.694, 9.627, 9.791), Vector(71.688, 9.570, 9.146), Vector(82.605, 9.587,
			-2.459), Vector(77.403, 9.548, -8.461), Vector(71.686, 9.560, -3.265), Vector(66.296, 9.550, -7.952), Vector(60.594, 9.613,
			-2.662), Vector(62.944, 9.569, 4.678), Vector(72.085, 9.550, -13.811), Vector(79.014, 9.550, -16.308), Vector(84.090, 12.560,
			-5.383), Vector(98.197, 12.550, -13.335), Vector(96.412, 12.550, -8.549), Vector(88.710, 12.550, -8.491), Vector(88.541,
			12.550, -12.948), Vector(86.299, 12.550, -17.349), Vector(89.164, 12.550, -21.447), Vector(86.561, 12.550, -25.564), Vector(
			88.621, 12.550, -29.335), Vector(88.765, 12.550, -36.682), Vector(85.066, 12.550, -45.850), Vector(98.153, 12.550, -32.873),
			Vector(94.841, 12.550, -36.430), Vector(77.797, 9.550, -48.033), Vector(69.775, 9.550, -39.439), Vector(71.598, 9.550,
			-31.593), Vector(66.412, 9.550, -27.287), Vector(61.717, 9.550, -21.347), Vector(61.317, 9.550, -34.158), Vector(56.882, 3.627,
			-0.281), Vector(57.788, 3.525, -7.408), Vector(52.386, 3.550, -18.214), Vector(36.857, 6.223, 3.205), Vector(42.781, 6.550,
			5.952), Vector(-52.251, 3.550, -18.624), Vector(-56.934, 3.550, -7.987), Vector(-57.435, 3.627, -0.714), Vector(-43.081, 6.550,
			5.645), Vector(-36.977, 6.152, 2.891));
		Global.Healthkits = Array(Vector(-48.047, 11.550, -29.226), Vector(-64, 9.550, 16.186), Vector(-36.729, 5.550, 10.922), Vector(
			0.041, 1.550, 25.819), Vector(-0.100, 3.550, -41.239), Vector(-49.283, 5.550, -44.570), Vector(49.050, 5.550, -44.629), Vector(
			64.080, 9.550, 16.227), Vector(36.855, 5.550, 10.959), Vector(74.955, 9.560, 0.653), Vector(-75.663, 9.560, -0.100), Vector(
			47.992, 11.550, -29.463), Vector(-72.270, 9.550, -50.702), Vector(-21.767, 5.550, -17.361), Vector(21.741, 5.550, -17.343),
			Vector(71.842, 9.550, -50.157));
		Global.ObjectiveA_Nodes = Array(Vector(2.026, 1.447, 8.301), Vector(-2.005, 1.449, 8.476), Vector(-2.097, 1.609, 11.637), Vector(
			1.646, 1.661, 11.879), Vector(6.035, 1.447, 11.681), Vector(10.396, 1.447, 9.979), Vector(13.076, 1.447, 5.497), Vector(13.480,
			2.063, 0.543), Vector(13.428, 2.449, -4.626), Vector(13.022, 2.453, -10.100), Vector(12.228, 2.457, -15.699), Vector(11.673,
			2.461, -21.268), Vector(12.109, 2.712, -26.816), Vector(15.132, 3.133, -31.489), Vector(20.341, 3.331, -33.926), Vector(25.684,
			3.409, -32.985), Vector(29.314, 3.449, -30.084), Vector(31.546, 3.449, -24.943), Vector(31.739, 4.212, -19.561), Vector(31.627,
			5.290, -14.672), Vector(31.987, 5.447, -9.304), Vector(35.177, 5.447, -5.303), Vector(40.307, 5.472, -3.464), Vector(45.434,
			6.926, -3.185), Vector(50.361, 8.569, -3.104), Vector(55.276, 9.447, -3.227), Vector(59.961, 9.447, -6.104), Vector(64.033,
			9.447, -10.149), Vector(67.600, 9.447, -13.660), Vector(71.443, 9.447, -17.602), Vector(74.735, 9.447, -21.052), Vector(77.703,
			9.449, -24.052), Vector(5.230, 1.447, 7.645), Vector(7.897, 1.456, 3.721), Vector(8.501, 2.417, -1.340), Vector(8.764, 2.452,
			-6.795), Vector(8.419, 2.454, -11.720), Vector(7.847, 2.458, -16.968), Vector(7.227, 2.468, -22.462), Vector(7.608, 2.684,
			-27.533), Vector(9.583, 3.033, -32.178), Vector(13.476, 3.164, -35.829), Vector(18.103, 3.370, -37.870), Vector(22.911, 3.416,
			-38.167), Vector(28.042, 3.434, -36.687), Vector(32.075, 3.628, -33.661), Vector(34.426, 3.447, -29.694), Vector(35.802, 3.447,
			-24.299), Vector(35.986, 4.337, -18.994), Vector(36.030, 5.401, -13.914), Vector(38.389, 5.447, -9.397), Vector(43.530, 6.290,
			-8.337), Vector(48.631, 7.991, -8.141), Vector(54.300, 9.448, -8.458), Vector(58.497, 9.448, -11.373), Vector(62.347, 9.448,
			-15.326), Vector(66.250, 9.448, -19.292), Vector(69.799, 9.448, -22.896), Vector(73.360, 9.596, -26.673), Vector(-5.698, 1.447,
			8.046), Vector(-8.122, 1.447, 4.004), Vector(-8.800, 2.423, -1.404), Vector(-8.879, 2.451, -6.652), Vector(-8.463, 2.455,
			-11.602), Vector(-7.762, 2.457, -16.837), Vector(-7.255, 2.461, -21.972), Vector(-7.449, 2.677, -27.434), Vector(-9.412, 3.038,
			-32.366), Vector(-13.537, 3.167, -35.868), Vector(-18.877, 3.382, -38.146), Vector(-24.884, 3.421, -38.171), Vector(-29.836,
			3.586, -36.510), Vector(-33.379, 3.447, -33.019), Vector(-35.271, 3.447, -28.396), Vector(-35.972, 3.521, -22.866), Vector(
			-36.225, 4.722, -17.272), Vector(-36.627, 5.448, -11.200), Vector(-40.940, 5.523, -8.557), Vector(-46.357, 7.232, -8.106),
			Vector(-51.093, 8.811, -8.228), Vector(-56.261, 9.448, -9.756), Vector(-60.768, 9.448, -13.385), Vector(-64.829, 9.448,
			-17.388), Vector(-68.436, 9.448, -21.006), Vector(-71.439, 9.448, -24.116), Vector(-74.495, 9.544, -27.122), Vector(-6.294,
			1.447, 11.867), Vector(-10.879, 1.447, 9.625), Vector(-12.983, 1.447, 4.918), Vector(-12.951, 2.346, -0.737), Vector(-12.648,
			2.451, -6.274), Vector(-12.193, 2.455, -12.131), Vector(-11.680, 2.457, -17.467), Vector(-11.460, 2.511, -23.246), Vector(
			-12.750, 2.911, -28.646), Vector(-16.396, 3.192, -32.516), Vector(-21.155, 3.343, -33.813), Vector(-26.005, 3.422, -32.737),
			Vector(-29.822, 3.449, -29.279), Vector(-31.098, 3.449, -24.307), Vector(-31.268, 4.341, -18.990), Vector(-31.331, 5.434,
			-13.510), Vector(-32.837, 5.447, -8.215), Vector(-36.771, 5.447, -4.688), Vector(-41.953, 5.765, -3.555), Vector(-47.130,
			7.491, -3.430), Vector(-52.425, 9.239, -3.423), Vector(-57.809, 9.448, -4.668), Vector(-62.377, 9.448, -8.878), Vector(-66.513,
			9.448, -12.948), Vector(-70.192, 9.448, -16.588), Vector(-73.646, 9.448, -20.321), Vector(-77.173, 9.530, -23.420));
		Global.ObjectiveB_Nodes = Array();
		Global.Chokepoint = Array();
		Global.Staircase_Top = Array(Vector(51.609, 11.550, -18.513), Vector(86.436, 12.550, -36.744), Vector(83.790, 12.550, -8.896),
			Vector(100.387, 12.550, -18.413), Vector(99.996, 12.550, -30.464), Vector(49.691, 9.550, 9.994), Vector(48.672, 6.628, 5.538),
			Vector(43.287, 5.550, -18.553), Vector(59.384, 9.550, -39.571), Vector(25.565, 5.627, -23.469), Vector(24.299, 5.550, -3.676),
			Vector(13.750, 5.550, 20.462), Vector(0.039, 7.550, -23.330), Vector(-0.010, 7.550, 15.258), Vector(-13.631, 5.550, 20.589),
			Vector(-24.661, 5.552, -3.898), Vector(-49.504, 9.550, 10.001), Vector(-48.278, 6.550, 5.634), Vector(-43.555, 5.550, -18.438),
			Vector(-59.099, 9.551, -40.127), Vector(-51.658, 11.550, -18.746), Vector(-84.006, 12.550, -8.981), Vector(-86.510, 12.550,
			-36.707), Vector(-25.532, 5.550, -23.210), Vector(-19.229, 6.550, -15.203), Vector(18.867, 6.550, -14.964));
		Global.Staircase_Bottom = Array(Vector(57.257, 9.550, -18.665), Vector(78.208, 9.550, -33.189), Vector(83.304, 9.561, -15.789),
			Vector(108.160, 10.550, -18.596), Vector(107.867, 10.550, -30.385), Vector(42.603, 6.550, 9.986), Vector(55.671, 3.550, 5.646),
			Vector(48.607, 3.550, -18.534), Vector(52.881, 5.570, -46.233), Vector(25.473, 3.544, -28.510), Vector(17.660, 2.551, -3.699),
			Vector(13.622, 1.550, 11.211), Vector(0.024, 3.550, -32.461), Vector(-0.016, 5.550, 20.446), Vector(-13.757, 1.550, 11.770),
			Vector(-17.767, 2.552, -3.985), Vector(-42.781, 6.550, 10.067), Vector(-56.652, 3.550, 5.723), Vector(-48.544, 3.550, -18.459),
			Vector(-52.469, 5.550, -46.311), Vector(-57.225, 9.550, -18.812), Vector(-83.425, 9.560, -15.842), Vector(-78.045, 9.550,
			-33.300), Vector(-25.613, 3.555, -28.361), Vector(-24.732, 5.550, -15.886), Vector(24.590, 5.550, -16.156));
		Global.Healthkits_Small = Array(Vector(-48.047, 11.550, -29.226), Vector(-64, 9.550, 16.186), Vector(-36.729, 5.550, 10.922),
			Vector(-49.283, 5.550, -44.570), Vector(49.050, 5.550, -44.629), Vector(64.080, 9.550, 16.227), Vector(36.855, 5.550, 10.959),
			Vector(47.992, 11.550, -29.463), Vector(-72.270, 9.550, -50.702), Vector(-21.767, 5.550, -17.361), Vector(21.741, 5.550,
			-17.343), Vector(71.842, 9.550, -50.157));
		Global.Healthkits_Large = Array(Vector(0.041, 1.550, 25.819), Vector(-0.100, 3.550, -41.239), Vector(74.955, 9.560, 0.653), Vector(
			-75.663, 9.560, -0.100));
		Global.Staircase_Middle = Array(0, Vector(81.498, 11.050, -36.482), 0, 0, 0, 0, 0, 0, 0, 0, 0, 0, 0, 0, 0, 0, 0, 0, 0, 0, 0, 0,
			Vector(-81.857, 11.050, -36.656), 0, 0, 0);
		Global.Jump_Start = Array();
		Global.Jump_End = Array();
	}
