actions
	{
		Global.Path_Nodes = Array(Vector(18.689, 2.550, -119.377), Vector(12.323, 2.550, -112.237), Vector(17.462, 2.550, -106.281),
			Vector(24.125, 2.550, -111.791), Vector(26.398, 2.550, -98.845), Vector(10.042, 2.550, -99.347), Vector(11.572, 2.550,
			-88.960), Vector(18.176, 2.550, -81.503), Vector(25.599, 2.550, -89.847), Vector(31.113, 2.550, -94.892), Vector(35.656, 2.550,
			-94.951), Vector(25.955, 2.550, -69.506), Vector(20.657, 2.550, -75.100), Vector(13.333, 2.550, -74.147), Vector(9.696, 2.550,
			-69.463), Vector(10.183, 2.550, -64.719), Vector(18.104, 2.526, -56.424), Vector(26.055, 2.550, -65.554), Vector(39.918, 4.550,
			-60.123), Vector(40.249, 4.550, -70.008), Vector(-6.616, 7.550, -55.466), Vector(1.611, 7.550, -52.315), Vector(-5.939, 7.550,
			-48.760), Vector(1.827, 7.550, -44.846), Vector(-7.351, 7.550, -40.609), Vector(-4.529, 7.550, -37.075), Vector(0.490, 7.550,
			-36.504), Vector(8.158, 7.550, -35.969), Vector(9.722, 7.590, -39.995), Vector(17.759, 7.550, -34.466), Vector(17.984, 7.550,
			-39.637), Vector(17.819, 7.550, -31.276), Vector(27.401, 7.550, -36.091), Vector(26.289, 7.558, -39.971), Vector(39.234, 6.550,
			-35.824), Vector(39.866, 4.550, -50.476), Vector(35.353, 4.550, -50.167), Vector(29.581, 4.557, -53.969), Vector(31.918, 4.556,
			-51.421), Vector(33.522, 4.736, -56.740), Vector(38.485, -1.450, -45.845), Vector(35.071, -1.450, -49.786), Vector(29.733,
			-1.450, -45.591), Vector(18.435, 2.550, -36.689), Vector(21.151, -1.450, -43.891), Vector(10.567, 2.550, -35.876), Vector(
			-1.791, 2.712, -37.732), Vector(20.771, 2.733, -43.836), Vector(15.138, 2.737, -43.604), Vector(17.907, 2.588, -44.498),
			Vector(18.288, 2.550, -50.533), Vector(12.187, 2.550, -47.812), Vector(8.444, 2.550, -49.425), Vector(23.601, 2.550, -47.957),
			Vector(27.562, 2.550, -49.708), Vector(26.413, 2.554, -55.221), Vector(9.569, 2.550, -55.300), Vector(13.114, 2.550, -59.634),
			Vector(22.172, 2.550, -33.195), Vector(14.092, 2.512, -32.815), Vector(14.028, 1.550, -28.184), Vector(21.830, 1.550, -28.337),
			Vector(21.852, 1.871, -31.538), Vector(40.127, 6.543, -31.107), Vector(40.371, 6.543, -26.851), Vector(32.997, 6.660, -27.592),
			Vector(27.773, 1.550, -24.736), Vector(27.672, 2.051, -17.019), Vector(35.059, 1.550, -13.106), Vector(34.376, 1.550, -7.102),
			Vector(31.080, 1.143, -7.301), Vector(24.324, 0.546, -13.187), Vector(17.889, 1.550, -22.092), Vector(17.571, 0.589, -19.972),
			Vector(0.435, 1.550, -28.196), Vector(-0.172, 1.550, -13.840), Vector(14.098, 0.550, -13.926), Vector(0.071, 6.576, -17.979),
			Vector(0.315, 7.147, -33.086), Vector(6.653, 6.668, -18.208), Vector(3.341, 6.550, -28.774), Vector(33.396, 6.550, 10.098),
			Vector(33.798, 6.630, 4.079), Vector(28.137, 6.550, 4.645), Vector(30.606, 6.640, 13.717), Vector(33.419, 7.261, 18.090),
			Vector(33.390, 7.550, 22.406), Vector(33.445, 1.550, 1.229), Vector(33.312, 1.550, 14.328), Vector(27.605, 1.550, 14.437),
			Vector(5.411, 1.550, -28.668), Vector(18.159, 0.550, 0.844), Vector(16.267, 1.066, 5.697), Vector(10.040, 0.546, -0.954),
			Vector(5.611, 1.890, 3.309), Vector(0.223, 1.553, 1.051), Vector(6.068, 1.553, 11.551), Vector(12.156, 1.550, 14.116), Vector(
			19.447, 1.550, 14.032), Vector(19.491, 2.410, 18.388), Vector(16.085, 2.550, 21.814), Vector(12.437, 2.118, 17.803), Vector(
			-6.604, 6.577, 16.479), Vector(0.682, 6.579, 13.798), Vector(-5.599, 6.550, 22.082), Vector(2.348, -1.450, 34.723), Vector(
			-4.354, -1.450, 34.623), Vector(-4.417, -1.450, 28.549), Vector(-6.671, 4.551, 45.154), Vector(-6.180, 4.551, 36.708), Vector(
			-1.101, 4.551, 35.462), Vector(-1.087, 4.550, 29.088), Vector(3.577, 4.550, 38.222), Vector(8.353, 2.550, 53.567), Vector(
			-5.901, 4.550, 53.281), Vector(15.877, 2.550, 64.147), Vector(23.385, 2.550, 59.579), Vector(24.072, 2.550, 51.302), Vector(
			16.233, 2.526, 43.465), Vector(40.365, 7.550, 40.909), Vector(32.644, 7.554, 38.651), Vector(32.644, 7.554, 31.232), Vector(
			40.426, 7.550, 29.354), Vector(40.681, 7.550, 35.312), Vector(40.829, 7.550, 23.560), Vector(26.575, 7.550, 22.189), Vector(
			24.340, 7.550, 25.432), Vector(16.642, 7.550, 21.463), Vector(16.179, 7.596, 17.430), Vector(16.054, 7.550, 25.655), Vector(
			8.530, 7.550, 25.432), Vector(4.541, 7.550, 21.866), Vector(5.984, 2.549, 36.335), Vector(10.479, 2.549, 34.183), Vector(
			14.933, 2.443, 37.900), Vector(8.953, 2.550, 41.690), Vector(16.306, 2.550, 34.551), Vector(21.508, 2.531, 34.021), Vector(
			25.635, 2.550, 35.832), Vector(25.828, 2.550, 42.043), Vector(20.586, -1.450, 29.472), Vector(11.451, -1.450, 29.868), Vector(
			22.167, 2.630, 22.010), Vector(35.766, 2.697, 23.101), Vector(15.984, 2.587, 26.718), Vector(18.399, 2.720, 28.962), Vector(
			13.529, 2.814, 29.762), Vector(16.133, 2.550, 71.923), Vector(7.771, 2.550, 80.948), Vector(-2.329, 2.550, 81.034), Vector(
			10.997, 2.550, 75.893), Vector(21.714, 2.550, 76.908), Vector(23, 2.550, 89.823), Vector(8.932, 2.550, 90.016), Vector(11.933,
			2.550, 103.288), Vector(18.447, 2.550, 103.501), Vector(-4.468, 4.550, 59.043), Vector(-2.057, 4.550, 44.039), Vector(37.392,
			4.550, -73.240));
		Global.Healthkits = Array();
		Global.ObjectiveA_Nodes = Array(Vector(16.861, 0.550, -1.200), Vector(13.942, 0.550, -1.491), Vector(11.604, 0.550, -3.432), Vector(
			10.645, 0.550, -7.081), Vector(11.618, 0.550, -10.281), Vector(14.275, 0.550, -12.555), Vector(17.052, 0.550, -13.025), Vector(
			20.166, 0.550, -12.274), Vector(22.508, 0.550, -9.967), Vector(22.819, 0.550, -6.955), Vector(21.985, 0.550, -3.877), Vector(
			19.354, 0.550, -1.898));
		Global.ObjectiveB_Nodes = Array();
		Global.Chokepoint = Array();
		Global.Staircase_Top = Array(Vector(0.478, 4.550, 60.032), Vector(-2.041, 4.630, 63.063), Vector(-9.490, 4.550, 43.313), Vector(
			10.551, 2.550, 21.719), Vector(29.703, 2.550, 38.414), Vector(38.758, 7.550, 48.168), Vector(1.878, 4.550, 46.739), Vector(
			-5.894, 6.550, 25.656), Vector(1.833, 7.640, 22.085), Vector(31.871, 2.552, 19.950), Vector(30.289, 6.550, 10.086), Vector(
			-10.812, 6.551, 11.999), Vector(0.425, 1.550, -6.952), Vector(0.494, 6.550, -24.133), Vector(-6.533, 7.550, -62.521), Vector(
			32.517, 4.550, -60.613), Vector(36.076, 4.550, -77.706), Vector(33.314, 4.550, -74.183), Vector(45.136, 6.550, -25.991),
			Vector(30.404, 7.550, -36.057), Vector(39.842, 6.552, -39.448), Vector(43.855, 4.550, -57.231), Vector(23.835, 2.550, -36.008),
			Vector(4.210, 2.550, -52.241), Vector(2.662, 2.550, -34.749));
		Global.Staircase_Bottom = Array(Vector(7.947, 2.550, 59.928), Vector(-2.202, 2.587, 68.263), Vector(-9.440, -1.451, 30.578),
			Vector(2.340, -1.450, 28.028), Vector(29.950, -1.450, 28.550), Vector(27.472, 2.550, 48.543), Vector(7.587, 2.550, 46.762),
			Vector(-5.998, 4.550, 30.265), Vector(-1.418, 6.550, 22.213), Vector(37.917, -1.450, 26.889), Vector(24.060, 0.550, -0.600),
			Vector(0.298, 1.574, 6.946), Vector(5.413, 0.550, -6.797), Vector(10.064, 0.550, -13.385), Vector(6.462, 2.550, -62.524),
			Vector(27.661, 2.549, -60.743), Vector(36.185, 2.549, -82.502), Vector(28.393, 2.550, -74.056), Vector(34.613, 1.550, -20.832),
			Vector(34.461, 6.550, -36.032), Vector(40.077, 4.550, -44.349), Vector(43.538, -1.432, -44.931), Vector(32.133, -1.451,
			-41.146), Vector(4.039, -1.450, -42.926), Vector(-4.112, -1.450, -41.506));
		Global.Healthkits_Small = Array();
		Global.Healthkits_Large = Array();
		Global.Staircase_Middle = Array(0, 0, 0, Vector(2.235, -0.450, 22.570), 0, 0, 0, 0, 0, Vector(37.945, 0.550, 20.407), Vector(
			24.143, 4.550, 9.694), Vector(-9.985, 5.550, 7.354), 0, Vector(9.859, 4.550, -24.073), 0, 0, 0, 0, Vector(44.927, 5.550,
			-21.394), 0, 0, 0, Vector(31.515, -0.449, -36.286), 0, Vector(-3.884, 0.550, -34.212));
	}
