actions
	{
		Global.Path_Nodes = Array(Vector(9.117, 9.585, 49.266), Vector(-12.539, 8.551, 44.782), Vector(-7.128, 8.658, 39.527), Vector(
			0.431, 8.709, 34.753), Vector(-6.970, 8.621, 26.685), Vector(-11.218, 8.637, 30.847), Vector(3.933, 8.521, 31.657), Vector(
			-0.582, 8.949, 27.228), Vector(-4.576, 8.601, 23.503), Vector(-31.122, 10.550, -4.405), Vector(-31.098, 10.550, 4.205), Vector(
			-18.645, 13.551, -6.402), Vector(-15.271, 13.551, 8.290), Vector(-18.729, 13.551, 5.883), Vector(-14.806, 13.551, -8.864),
			Vector(-11.200, 13.551, -6.383), Vector(-11.585, 13.551, 6.066), Vector(-8.410, 13.583, 3.427), Vector(-11.634, 13.551,
			-0.035), Vector(-8.210, 13.583, -4.146), Vector(-8.416, 13.583, 0.134), Vector(-6.107, 13.550, 12.699), Vector(-5.902, 13.550,
			6.539), Vector(-5.627, 13.551, -0.200), Vector(-5.689, 13.551, -7.252), Vector(-5.531, 13.551, -12.464), Vector(9.712, 13.550,
			-12.724), Vector(1.962, 13.550, -10.165), Vector(10.581, 13.401, -7.398), Vector(10.867, 13.359, -17.516), Vector(14.715,
			13.359, -18.357), Vector(6.040, 13.175, -22.465), Vector(5.753, 13.025, -27.613), Vector(-2.312, 13.174, -28.868), Vector(
			-1.652, 13.172, -23.056), Vector(2.463, 13.550, 10.395), Vector(9.932, 13.550, 12.356), Vector(10.795, 13.401, 7.542), Vector(
			10.883, 13.359, 18.031), Vector(14.634, 13.359, 18.732), Vector(6.536, 13.184, 22.125), Vector(5.390, 13.032, 27.906), Vector(
			-2.084, 13.184, 29.022), Vector(-1.939, 13.169, 23.139), Vector(7.012, 8.529, 19.910), Vector(10.997, 8.665, 24.136), Vector(
			10.020, 8.714, 29.758), Vector(2.571, 8.409, 15.830), Vector(12.885, 7.695, 20.383), Vector(17.824, 7.560, 16.194), Vector(
			25.394, 10.550, 3.429), Vector(29.229, 10.513, -0.106), Vector(25.830, 10.550, -3.553), Vector(14.889, 10.756, 3.979), Vector(
			14.987, 10.756, -0.271), Vector(14.916, 10.756, -4.099), Vector(20.882, 10.550, 0.830), Vector(29.388, 4.705, -4.460), Vector(
			29.478, 4.705, 4.393), Vector(18.338, 5.550, 3.442), Vector(17.915, 5.550, -4.005), Vector(13.313, 5.564, -3.787), Vector(
			15.926, 5.583, 0.290), Vector(13.001, 5.562, 3.997), Vector(-2.829, 8.534, 14.296), Vector(-10.831, 7.989, 16.534), Vector(
			-15.209, 8.535, 10.275), Vector(-8.488, 8.573, 3.580), Vector(-15.219, 8.817, 4.415), Vector(-15.148, 8.576, -10.101), Vector(
			-8.315, 8.526, -3.644), Vector(-15.971, 8.817, -4.376), Vector(-0.314, 7.904, 12.196), Vector(4.021, 7.614, 11.399), Vector(
			-4.988, 7.716, -4.264), Vector(-4.579, 7.595, 3.944), Vector(0.069, 6.963, 6.193), Vector(4.881, 6.691, 6.963), Vector(7.979,
			5.885, 5.930), Vector(8.326, 6.341, -0.881), Vector(7.331, 6.105, -7.023), Vector(-2.476, 7.286, 0.173), Vector(1.228, 6.896,
			-6.716), Vector(-1.242, 7.853, -11.846), Vector(4.097, 7.858, -12.070), Vector(-4.077, 8.557, -15.796), Vector(-9.498, 8.255,
			-17.436), Vector(-4.656, 8.575, -23.227), Vector(-0.187, 8.933, -27.529), Vector(3.823, 8.541, -31.450), Vector(0.648, 8.723,
			-33.836), Vector(-7.080, 8.607, -26.670), Vector(-10.147, 8.835, -32.902), Vector(-6.266, 8.822, -38.345), Vector(-11.915,
			8.550, -44.835), Vector(9.355, 9.561, -48.382), Vector(11.104, 8.638, -24.002), Vector(6.719, 8.530, -19.788), Vector(2.628,
			8.419, -16.251), Vector(10.867, 7.748, -18.885), Vector(18.511, 7.566, -17.137));
		Global.Healthkits = Array();
		Global.ObjectiveA_Nodes = Array(Vector(2.639, 6.797, 3.672), Vector(-0.379, 6.990, 3.840), Vector(-2.846, 7.310, 1.295), Vector(
			-2.214, 7.226, -3.212), Vector(1.408, 6.865, -3.479), Vector(4.496, 6.689, -3.317), Vector(7.044, 6.174, -1.372), Vector(6.266,
			6.435, 2.288), Vector(4.238, 6.705, 3.682));
		Global.ObjectiveB_Nodes = Array();
		Global.Chokepoint = Array();
		Global.Staircase_Top = Array(Vector(3.812, 9.564, 52.880), Vector(8.741, 9.585, 44.333), Vector(-15.408, 13.550, 13.227), Vector(
			-27.705, 10.550, 6.050), Vector(-27.750, 10.550, -6.022), Vector(-19.560, 13.551, 0.088), Vector(-15.407, 13.550, -12.955),
			Vector(16.341, 13.359, -23.176), Vector(17.891, 13.550, -14.008), Vector(18.294, 13.550, 13.909), Vector(16.566, 13.359,
			23.112), Vector(22.889, 10.550, 5.663), Vector(17.886, 7.560, 13.036), Vector(18.002, 7.566, -13.288), Vector(22.904, 10.550,
			-5.884), Vector(4.323, 9.556, -52.791), Vector(9.248, 9.561, -44.530));
		Global.Staircase_Bottom = Array(Vector(-2.354, 8.550, 54.670), Vector(7.100, 8.539, 39.461), Vector(-9.465, 8.634, 24.584), Vector(
			-19.927, 8.550, 5.911), Vector(-20.355, 8.550, -6.176), Vector(-28.479, 10.550, -0.003), Vector(-9.463, 8.595, -24.234),
			Vector(12.869, 8.490, -35.207), Vector(18.263, 10.550, -6.256), Vector(17.979, 10.550, 6.155), Vector(13.506, 8.531, 34.946),
			Vector(23.064, 7.560, 15.537), Vector(17.884, 5.550, 7.533), Vector(17.951, 5.550, -7.572), Vector(22.964, 7.566, -14.975),
			Vector(-2.415, 8.550, -54.889), Vector(7.875, 8.568, -39.855));
		Global.Healthkits_Small = Array();
		Global.Healthkits_Large = Array();
		Global.Staircase_Middle = Array(0, 0, Vector(-15.717, 11.550, 18.714), 0, 0, 0, Vector(-15.354, 11.550, -18.513), Vector(17.745,
			10.726, -30.653), 0, 0, Vector(18.140, 10.946, 30.173), 0, 0, 0, 0, 0, 0);
	}
