	actions
	{
		Global.Path_Nodes = Array(Vector(-145.252, -92.665, -78.798), Vector(-153.062, -90.579, -65.817), Vector(-151.972, -89.956,
			-53.770), Vector(-156.397, -89.031, -46.380), Vector(-160.329, -88.422, -41.661), Vector(-173.839, -88.450, -41.677), Vector(
			-177.869, -88.450, -37.663), Vector(-180.585, -88.443, -32.630), Vector(-180.862, -88.442, -26.218), Vector(-142.100, -95.781,
			-83.575), Vector(-153.396, -95.864, -88.520), Vector(-151.414, -95.863, -81.212), Vector(-158.188, -95.972, -79.441), Vector(
			-160.077, -95.842, -86.349), Vector(-166.262, -95.781, -91.586), Vector(-164.859, -96.851, -106.370), Vector(-155.682, -96.851,
			-102.313), Vector(-134.229, -96.853, -90.397), Vector(-141.270, -96.851, -94.379), Vector(-144.090, -97.413, -107.030), Vector(
			-160.001, -96.968, -65.380), Vector(-164.860, -97.556, -65.325), Vector(-174.313, -95.655, -46.415), Vector(-177.701, -95.773,
			-49.909), Vector(-189.836, -96.538, -52.832), Vector(-187.939, -96.536, -59.024), Vector(-193.491, -96.931, -60.651), Vector(
			-196.210, -92.876, -37.875), Vector(-201.019, -92.441, -32.286), Vector(-197.933, -92.401, -29.032), Vector(-188.438, -92.441,
			-34.992), Vector(-184.335, -92.576, -28.765), Vector(-189.341, -92.400, -22.979), Vector(-195.496, -92.400, -22.969), Vector(
			-187.307, -92.607, -14.729), Vector(-196.408, -92.474, -16.409), Vector(-202.164, -92.405, -16.371), Vector(-202.169, -92.450,
			-21.223), Vector(-216.196, -90.449, -21.865), Vector(-215.872, -90.449, -15.143), Vector(-210.990, -89.562, -14.827), Vector(
			-219.179, -90.658, -24.110), Vector(-225.239, -92.406, 8.801), Vector(-225.256, -92.406, -0.019), Vector(-225.058, -92.406,
			-8.739), Vector(-221.443, -92.488, -5.382), Vector(-221.541, -92.262, 5.804), Vector(-218.124, -92.450, 5.871), Vector(
			-218.039, -92.450, -0.224), Vector(-221.727, -92.272, -0.510), Vector(-217.969, -92.450, -6.103), Vector(-212.545, -92.450,
			-6.056), Vector(-212.979, -92.450, 0.007), Vector(-212.878, -92.450, 5.974), Vector(-207.943, -92.722, 5.592), Vector(-207.868,
			-92.716, -5.845), Vector(-204.718, -92.452, 0.053), Vector(-198.388, -92.310, 0.029), Vector(-190.894, -92.310, -0.061),
			Vector(-185.817, -92.463, 0.078), Vector(-181.479, -92.670, 4.272), Vector(-177.877, -92.363, 0.205), Vector(-181.505, -92.678,
			-4.093), Vector(-186.032, -92.422, -8.807), Vector(-203.674, -92.302, -8.722), Vector(-192.455, -92.489, -11.344), Vector(
			-206.752, -92.656, -14.077), Vector(-222.463, -86.646, -5.069), Vector(-220.223, -86.656, 0.070), Vector(-222.159, -86.646,
			6.461), Vector(-208.638, -86.378, 0.030), Vector(-199.294, -85.450, -4.883), Vector(-195.025, -85.450, -4.913), Vector(
			-194.818, -85.991, -7.687), Vector(-190.161, -85.450, -4.776), Vector(-190.631, -85.450, 4.837), Vector(-195.416, -85.450,
			5.106), Vector(-195.218, -86.097, 7.814), Vector(-200.274, -85.450, 4.573), Vector(-179.767, -86.410, -0.166), Vector(-175.814,
			-86.441, 5.532), Vector(-175.998, -86.442, -5.473), Vector(-157.938, -87.512, -3.011), Vector(-165.736, -87.580, -31.330),
			Vector(-171.348, -90.471, -13.897), Vector(-162.533, -90.561, -15.717), Vector(-164.500, -90.450, -19.486), Vector(-170.690,
			-90.450, -19.383), Vector(-182.834, -97.034, -80.526), Vector(-177.846, -97.506, -77.353), Vector(-184.615, -96.730, -65.652),
			Vector(-171.256, -96.786, -61.094), Vector(-182.279, -97.561, -69.622), Vector(-169.678, -97.833, -70.772), Vector(-171.608,
			-90.455, 13.563), Vector(-170.416, -90.450, 20.052), Vector(-162.809, -90.450, 19.663), Vector(-162.457, -90.452, 12.664),
			Vector(-180.651, -88.444, 26.143), Vector(-180.640, -88.450, 32.792), Vector(-177.832, -88.450, 38.102), Vector(-173.865,
			-88.450, 41.984), Vector(-163.072, -88.561, 41.918), Vector(-158.528, -88.336, 38.351), Vector(-165.710, -87.571, 31.240),
			Vector(-157.235, -89.043, 46.202), Vector(-153.629, -89.444, 50.832), Vector(-151.159, -90.133, 54.743), Vector(-147.003,
			-90.387, 61.124), Vector(-143.301, -96.697, 72.546), Vector(-154.036, -96.728, 71.418), Vector(-152.623, -96.054, 77.349),
			Vector(-158.250, -95.928, 80.540), Vector(-156.841, -95.312, 82.908), Vector(-153.877, -94.278, 88.297), Vector(-160.729,
			-96.739, 76.008), Vector(-160.736, -97.270, 70.175), Vector(-162.333, -97.250, 63.602), Vector(-173.604, -95.642, 46.467),
			Vector(-177.951, -95.792, 49.639), Vector(-194.133, -92.772, 39.740), Vector(-200.641, -92.471, 34.674), Vector(-200.121,
			-92.449, 29.039), Vector(-194.183, -92.411, 22.894), Vector(-186.243, -92.405, 22.822), Vector(-186.056, -92.522, 14.799),
			Vector(-197.167, -92.443, 15.656), Vector(-202.206, -92.410, 16.160), Vector(-202.840, -92.450, 21.742), Vector(-218.954,
			-90.658, 23.800), Vector(-216.832, -90.449, 17.755), Vector(-211.158, -89.634, 15.185), Vector(-188.567, -92.423, 35.528),
			Vector(-186.906, -92.476, 29.347), Vector(-176.332, -92.629, 30.040), Vector(-189.558, -96.539, 52.533), Vector(-188.608,
			-96.539, 58.050), Vector(-200.536, -96.540, 61.229), Vector(-201.915, -95.998, 55.792), Vector(-202.223, -95.160, 52.998),
			Vector(-185.573, -96.735, 65.231), Vector(-182.229, -97.570, 69.757), Vector(-171.180, -96.982, 60.779), Vector(-166.391,
			-97.513, 73.835), Vector(-173.854, -97.834, 71.542), Vector(-176.238, -97.505, 81.078), Vector(-181.176, -97.038, 82.436),
			Vector(-181.438, -97.622, 91.392), Vector(-173.386, -96.719, 90.300), Vector(-164.841, -96.164, 84.935), Vector(-202.961,
			-92.232, 8.007), Vector(-207.014, -92.580, 14.891), Vector(-186.446, -92.290, 8.807), Vector(-194.514, -92.543, 11.696));
		Global.Healthkits = Array();
		Global.ObjectiveA_Nodes = Array(Vector(-167.996, -88.383, -41.726), Vector(-194.202, -92.437, -35.380), Vector(-220.165, -91.861,
			-0.030), Vector(-194.957, -92.217, 0.020), Vector(-161.761, -87.480, -0.033), Vector(-205.991, -86.231, -0.005), Vector(
			-194.283, -92.436, 35.385), Vector(-168.021, -88.383, 41.703));
		Global.ObjectiveB_Nodes = Array();
		Global.Chokepoint = Array();
		Global.Staircase_Top = Array(Vector(-158.270, -95.842, -76.987), Vector(-160.603, -95.971, -78.349), Vector(-145.834, -90.742,
			-64.646), Vector(-143.394, -90.793, -64.104), Vector(-159.933, -89.175, -47.446), Vector(-180.771, -88.450, -20.039), Vector(
			-179.326, -88.450, -42.094), Vector(-191.713, -93.179, -46.451), Vector(-169.642, -95.851, -98.145), Vector(-137.182, -95.851,
			-84), Vector(-172.483, -92.830, -30.300), Vector(-197.201, -93.334, -43.676), Vector(-213.143, -90.450, -22.112), Vector(
			-220.379, -86.656, -9.453), Vector(-202.350, -92.492, -29.676), Vector(-220.136, -92.488, -8.308), Vector(-220.227, -92.475,
			8.513), Vector(-177.721, -90.659, -13.705), Vector(-171.276, -90.452, -8.529), Vector(-162.097, -87.467, -3.553), Vector(
			-200.832, -85.450, -0.059), Vector(-188.684, -85.450, -0.010), Vector(-172.683, -86.485, -0.085), Vector(-157.107, -86.517,
			-16.816), Vector(-157.662, -86.517, -25.379), Vector(-194.024, -97.053, -65.366), Vector(-162.022, -87.480, 3.398), Vector(
			-157.078, -86.517, 16.876), Vector(-157.923, -86.517, 25.480), Vector(-171.443, -90.466, 8.614), Vector(-177.521, -90.591,
			14.109), Vector(-179.785, -88.450, 19.977), Vector(-159.974, -89.194, 47.538), Vector(-171.729, -92.919, 30.422), Vector(
			-192.021, -93.058, 45.654), Vector(-179.065, -88.450, 42.087), Vector(-196.636, -93.510, 45.363), Vector(-214.631, -90.449,
			21.982), Vector(-220.236, -86.656, 9.288), Vector(-202.407, -92.492, 29.837), Vector(-192.871, -97.041, 65.752));
		Global.Staircase_Bottom = Array(Vector(-160.166, -97.398, -73.331), Vector(-162.565, -97.385, -74.609), Vector(-150.166, -95.850,
			-74.021), Vector(-149.018, -95.973, -76.487), Vector(-158.213, -96.515, -63.674), Vector(-174.497, -90.408, -20.007), Vector(
			-189.992, -92.450, -42.068), Vector(-176.893, -95.520, -45.874), Vector(-168.315, -96.793, -100.788), Vector(-135.748, -96.851,
			-86.688), Vector(-163.726, -96.865, -55.281), Vector(-194.993, -96.627, -56.263), Vector(-208.017, -92.401, -21.973), Vector(
			-220.408, -90.658, -17.981), Vector(-215.253, -94.352, -28.789), Vector(-220.052, -94.137, -13.764), Vector(-220.285, -94.143,
			13.905), Vector(-183.146, -92.293, -13.453), Vector(-175.897, -92.263, -8.528), Vector(-162.044, -90.384, -10.421), Vector(
			-204.002, -86.119, -0.021), Vector(-185.540, -86.362, -0.088), Vector(-169.440, -87.471, 0.001), Vector(-157.153, -87.579,
			-13.126), Vector(-158.829, -87.669, -32.010), Vector(-188.290, -100.554, -81.535), Vector(-162.201, -90.390, 10.244), Vector(
			-157.075, -87.550, 12.972), Vector(-158.682, -87.813, 32.893), Vector(-175.658, -92.137, 8.609), Vector(-183.614, -92.368,
			13.592), Vector(-174.204, -90.450, 20.050), Vector(-157.387, -96.307, 62.210), Vector(-164.224, -96.984, 55.503), Vector(
			-178.284, -95.326, 45.942), Vector(-189.399, -92.450, 41.960), Vector(-195.316, -96.880, 58.050), Vector(-207.401, -92.450,
			22.026), Vector(-220.311, -90.529, 17.652), Vector(-215.832, -94.375, 28.652), Vector(-189.026, -100.519, 81.354));
		Global.Healthkits_Small = Array();
		Global.Healthkits_Large = Array();
		Global.Staircase_Middle = Array(0, 0, Vector(-143.247, -92.851, -69.684), Vector(-140.385, -92.851, -71.825), Vector(-157.352,
			-93.805, -56.354), 0, 0, 0, 0, 0, Vector(-169.473, -95.518, -44.253), 0, 0, 0, 0, 0, 0, 0, 0, 0, 0, 0, 0, 0, 0, Vector(
			-193.167, -98.250, -72.670), 0, 0, 0, 0, 0, 0, Vector(-157.783, -92.326, 53.433), Vector(-168.763, -95.451, 44.155), 0, 0, 0,
			0, 0, 0, Vector(-192.699, -98.478, 73.516));
		Global.Jump_Start = Array(Vector(-145.690, -90.633, 63.577));
		Global.Jump_End = Array(Vector(-145.163, -90.786, 64.867));
		For Global Variable(Jump_Index, 0, Count Of(Global.Jump_End), 1);
			Create Projectile(Orb Projectile, Null, Global.Jump_End[Global.Jump_Index], Down, To World, Damage, All Teams, 0, 1, 8,
				Bad Explosion, Explosion Sound, 0, 50, 1, 0, 0, 0);
		End;
	}
