actions
	{
		Global.Path_Nodes = Array(Vector(-27.416, 9.550, 11.435), Vector(-0.100, 9.550, 4.617), Vector(-7.170, 9.550, -9.529), Vector(
			-14.581, 9.550, -15.637), Vector(-15.857, 9.550, -26.488), Vector(4.976, 14.573, -23.815), Vector(7.042, 14.573, -30.751),
			Vector(10.340, 10.550, -1.775), Vector(1.970, 9.709, 0.845), Vector(5.918, 10.550, -0.720), Vector(4.788, 10.573, -12.787),
			Vector(-1.953, 10.199, -8.784), Vector(11.757, 10.550, -8.720), Vector(19.299, 10.550, 3.716), Vector(31.798, 10.550, -3.219),
			Vector(29.472, 10.550, -7.158), Vector(20.318, 10.550, -2.638), Vector(16.082, 10.550, -11.573), Vector(16.735, 10.550,
			-0.454), Vector(23.669, 10.550, 1.283), Vector(21.746, 14.560, 2.395), Vector(19.388, 14.550, -34.935), Vector(25.620, 14.550,
			-44.089), Vector(15.941, 14.550, -44.511), Vector(8.381, 10.550, -32.560), Vector(4.203, 10.550, -25.457), Vector(16.609,
			10.550, -27.218), Vector(12.130, 10.550, -18.763), Vector(40.929, 14.550, -47.438), Vector(44.645, 14.550, -44.961), Vector(
			42.932, 13.872, -41.957), Vector(44.334, 13.550, -37.203), Vector(46.449, 13.630, -34.344), Vector(51.945, 13.550, -34.786),
			Vector(49.181, 13.573, -29.746), Vector(39.411, 13.550, -36.377), Vector(33.098, 13.550, -26.020), Vector(25.763, 13.893,
			-30.813), Vector(27.314, 8.550, -24.657), Vector(29.352, 8.550, -29.056), Vector(39.543, 8.550, -22.023), Vector(28, 8.550,
			-36.684), Vector(28.155, 8.550, -43.395), Vector(27.992, 8.550, -13.659), Vector(21.213, 9.468, -13.812), Vector(18.729,
			10.404, -12.364), Vector(39.067, 8.550, -13.452), Vector(47.677, 8.550, -16.572), Vector(51.232, 8.550, -14.584), Vector(
			54.486, 8.550, -12.242), Vector(56.807, 8.550, -23.028), Vector(60.130, 8.550, -21.062), Vector(55.119, 7.688, -27.992),
			Vector(58.291, 7.550, -33.512), Vector(48.866, 7.550, -39.633), Vector(37.271, 8.573, -52.009), Vector(34.885, 8.550, -45.072),
			Vector(40.399, 7.955, -43.176), Vector(50.457, 7.894, -44.832), Vector(47.379, 8.573, -52.526), Vector(57.547, 8.550, -46.274),
			Vector(64.108, 8.548, -42.002), Vector(66.429, 8.548, -45.288), Vector(58.461, 8.550, -55.792), Vector(49.036, 8.987, -58.546),
			Vector(41.714, 9.560, -64.718), Vector(38.537, 9.578, -68.146), Vector(39.829, 15.551, -57.861), Vector(43.419, 15.550,
			-62.208), Vector(48.339, 15.550, -59.055), Vector(43.050, 15.550, -77.565), Vector(52.750, 15.550, -76.880), Vector(56.158,
			15.550, -74.222), Vector(50.665, 15.550, -74.356), Vector(53.158, 15.577, -79.095), Vector(66.561, 15.549, -76.361), Vector(
			71.375, 15.550, -68.345), Vector(64.344, 15.551, -61.241), Vector(64.619, 15.551, -67.729), Vector(71.203, 8.551, -46.265),
			Vector(76.291, 8.550, -43.657), Vector(81.479, 7.997, -40.294), Vector(92.125, 14.079, -67.425), Vector(88.367, 14.725,
			-71.735), Vector(83.015, 15.550, -72.555), Vector(67.774, 8.550, -50.607), Vector(65.247, 7.991, -62.930), Vector(59.419,
			7.543, -71.189), Vector(66.571, 9.550, -85.520), Vector(61.315, 10.418, -86.532), Vector(74.573, 8.550, -71.861), Vector(
			79.695, 8.550, -62), Vector(80.566, 8.522, -74.102), Vector(54.563, 7.931, -63.512), Vector(40.343, 9.550, -86.533), Vector(
			42.325, 9.550, -90.665), Vector(46.524, 10.392, -90.353), Vector(41.727, 9.550, -101.793), Vector(50.729, 9.550, -100.972),
			Vector(58.682, 9.550, -99.946), Vector(58.491, 10.378, -97.490), Vector(50.678, 10.451, -97.681), Vector(53.567, 11.024,
			-79.766), Vector(60.487, 10.550, -92.918), Vector(70.557, 10.842, -92.804), Vector(66.998, 10.550, -96.786), Vector(61.783,
			10.550, -92.753), Vector(32.789, 9.550, -85.840), Vector(30.771, 9.550, -100.633), Vector(27.046, 9.550, -94.068), Vector(
			15.953, 8.477, -86.120), Vector(4.705, 8.171, -82.659), Vector(2.260, 7.550, -90.033), Vector(-8.207, 7.550, -88.812), Vector(
			-12.908, 7.550, -96.011), Vector(-5.666, 7.550, -99.081), Vector(11.191, 7.449, -96.003), Vector(18.638, 7.550, -104.389),
			Vector(-4.062, 11.550, -121.655), Vector(-6.253, 10.781, -125.786), Vector(-18.784, 6.090, -138.869), Vector(-17.468, 6.050,
			-143.060), Vector(-18.129, 6.217, -148.333), Vector(-22.509, 6.050, -145.156), Vector(-22.738, 6.050, -140.563), Vector(
			-22.203, 6.050, -133.995), Vector(-30.459, 6.050, -132.309), Vector(-33.854, 6.050, -138.049), Vector(-26.159, 6.550,
			-154.141), Vector(-33.410, 6.550, -150.422), Vector(-35.814, 6.550, -156.349), Vector(-47.511, 6.623, -150.970), Vector(
			-43.046, 6.550, -140.485), Vector(-49.173, 6.550, -136.375), Vector(-47.589, 6.028, -131.453), Vector(-41.769, 6.050,
			-134.062), Vector(-39.472, 6.050, -127.583), Vector(-39.719, 11.550, -127.133), Vector(-35.175, 11.550, -118.507), Vector(
			-35.886, 6.090, -126.625), Vector(-37.383, 6.050, -120.451), Vector(-42.696, 6.050, -117.668), Vector(-36.096, 5.958,
			-117.130), Vector(-35.285, 4.986, -115.354), Vector(-30.479, 4.550, -114.447), Vector(-34.684, 4.550, -124.077), Vector(
			-21.229, 4.550, -131.051), Vector(-18.354, 5.390, -137.560), Vector(-17.057, 4.548, -134.694), Vector(-14.100, 4.092,
			-131.918), Vector(-8.383, 3.546, -133.595), Vector(-14.727, 4.300, -121.911), Vector(-4.357, 4.550, -118.581), Vector(-4.474,
			3.567, -128.716), Vector(-11.381, 4.550, -118.748), Vector(-19.624, 4.513, -115.519), Vector(-24.245, 4.485, -113.598), Vector(
			-17.970, 4.550, -111.511), Vector(-25.728, 6.050, -98.755), Vector(-28.302, 5.158, -103.466), Vector(-30.057, 4.550, -107.326),
			Vector(-32.134, 6.130, -96.315), Vector(-36.878, 6.050, -99.875), Vector(-39.950, 6.050, -108.674), Vector(-48.896, 6.233,
			-167.993), Vector(12.214, 14.550, -9.129), Vector(78.524, 15.550, -72.096), Vector(26.088, 9.550, -84.856), Vector(33.437,
			15.537, -97.321), Vector(32.887, 15.537, -89.298), Vector(-21.546, 10.551, -142.513));
		Global.Healthkits = Array(Vector(-5.660, 3.518, -132.685), Vector(-34.994, 6.550, -142.106), Vector(-36.689, 6.050, -108.801),
			Vector(-20.733, 6.050, -103.183), Vector(15.776, 7.550, -110.317), Vector(15.296, 8.550, -78.830), Vector(33.999, 9.550,
			-103.051), Vector(37.044, 9.550, -74.276), Vector(73.574, 8.550, -60.844), Vector(87.286, 13.710, -59.145), Vector(17.783,
			10.550, -48.335), Vector(35.868, 8.550, -34.060), Vector(61.598, 8.550, -22.974));
		Global.ObjectiveA_Nodes = Array(Vector(49.346, 10.551, -95.103), Vector(51.597, 10.545, -94.944), Vector(54.162, 10.541, -94.772),
			Vector(56.654, 10.530, -94.624), Vector(58.985, 10.547, -94.713), Vector(58.870, 10.549, -91.409), Vector(56.502, 10.462,
			-91.449), Vector(54.065, 10.425, -91.531), Vector(51.399, 10.472, -91.711), Vector(49.225, 10.550, -92.002), Vector(49.080,
			10.550, -88.804), Vector(51.297, 10.472, -88.729), Vector(54.036, 10.409, -88.665), Vector(56.366, 10.462, -88.604), Vector(
			58.802, 10.530, -88.627), Vector(58.707, 10.550, -85.449), Vector(56.242, 10.452, -85.535), Vector(53.868, 10.408, -85.616),
			Vector(51.220, 10.456, -85.706), Vector(48.942, 10.550, -85.784), Vector(48.884, 10.550, -83.244), Vector(51.127, 10.517,
			-83.169), Vector(53.738, 10.461, -83.086), Vector(56.216, 10.506, -83.002), Vector(58.610, 10.549, -83.195), Vector(56.073,
			10.550, -80.563), Vector(53.647, 10.550, -80.643), Vector(50.952, 10.550, -80.784));
		Global.ObjectiveB_Nodes = Array(Vector(-32.927, 4.300, -122.951), Vector(-30.697, 4.438, -124.027), Vector(-28.576, 4.328,
			-125.117), Vector(-26.432, 4.303, -126.215), Vector(-24.454, 4.301, -127.228), Vector(-22.474, 4.301, -128.189), Vector(
			-20.560, 4.261, -129.143), Vector(-19.199, 4.175, -126.675), Vector(-21.026, 4.270, -125.589), Vector(-23.104, 4.298,
			-124.645), Vector(-25.030, 4.389, -123.643), Vector(-27.272, 4.324, -122.538), Vector(-29.216, 4.314, -121.280), Vector(
			-31.259, 4.299, -119.980), Vector(-29.696, 4.289, -117.128), Vector(-27.618, 4.153, -118.258), Vector(-25.454, 4.172,
			-119.350), Vector(-23.442, 4.289, -120.596), Vector(-21.356, 4.279, -121.855), Vector(-19.573, 4.219, -122.778), Vector(
			-17.654, 4.189, -123.826), Vector(-16.043, 4.300, -120.845), Vector(-17.808, 4.300, -119.600), Vector(-19.548, 4.300,
			-118.652), Vector(-21.602, 4.302, -117.506), Vector(-23.773, 4.302, -116.324), Vector(-25.970, 4.294, -115.239), Vector(
			-28.108, 4.300, -114.078));
		Global.Chokepoint = Array(Vector(52.737, 8.550, -50.109), Vector(15.496, 7.550, -95.478), Vector(-14.188, 4.570, -107.894));
		Global.Staircase_Top = Array(Vector(17.670, 14.550, 3.458), Vector(1.876, 14.550, -19.829), Vector(18.404, 10.550, -46.099),
			Vector(11.054, 14.550, -40.380), Vector(37.976, 13.550, -32.391), Vector(32.320, 12.034, -20.587), Vector(33.552, 13.550,
			-22.011), Vector(33.105, 15.550, -54.836), Vector(42.592, 9.560, -77.622), Vector(66.252, 9.550, -80.093), Vector(78.286,
			15.550, -75.626), Vector(92.303, 13.427, -59.540), Vector(68.506, 8.550, -68.383), Vector(72.773, 9.550, -82.055), Vector(
			41.558, 15.550, -80.731), Vector(2.387, 7.550, -101.752), Vector(-9.376, 7.550, -98.669), Vector(-11.541, 7.515, -98.870),
			Vector(-15.724, 7.550, -93.901), Vector(25.117, 9.550, -89.127), Vector(22.394, 9.550, -98.417), Vector(66.031, 10.550,
			-100.729), Vector(-46.304, 11.573, -125.169), Vector(-13.585, 10.550, -140.475), Vector(5.767, 10.550, -112.094), Vector(
			-5.975, 11.550, -118.321), Vector(20.670, 10.550, -33.250));
		Global.Staircase_Bottom = Array(Vector(8.304, 10.550, 0.946), Vector(-11.381, 9.549, -28.002), Vector(22.969, 8.548, -42.901),
			Vector(13.462, 10.560, -43.255), Vector(42.709, 8.610, -22.318), Vector(28.604, 8.550, -18.659), Vector(32.323, 12.110,
			-20.487), Vector(33.032, 9.550, -67.406), Vector(48.916, 7.549, -77.425), Vector(66.088, 7.545, -74.162), Vector(72.079, 9.550,
			-86.233), Vector(86.402, 8.115, -43.997), Vector(65.825, 7.555, -68.458), Vector(72.798, 8.550, -77.813), Vector(27.988, 9.550,
			-81.580), Vector(-2.541, 4.550, -110.778), Vector(-14.988, 4.570, -108.138), Vector(-14.988, 4.570, -108.138), Vector(-18.942,
			6.112, -96.049), Vector(19.425, 7.639, -89.584), Vector(16.930, 7.553, -99.053), Vector(62.142, 9.549, -101.051), Vector(
			-46.835, 6.050, -128.644), Vector(-15.348, 6.217, -144.213), Vector(11.964, 7.550, -108.366), Vector(-4.161, 10.550, -114.576),
			Vector(23.435, 8.550, -37.471));
		Global.Healthkits_Small = Array(Vector(-5.660, 3.518, -132.685), Vector(-34.994, 6.550, -142.106), Vector(-20.733, 6.050,
			-103.183), Vector(15.776, 7.550, -110.317), Vector(33.999, 9.550, -103.051), Vector(37.044, 9.550, -74.276), Vector(17.783,
			10.550, -48.335));
		Global.Healthkits_Large = Array(Vector(-36.689, 6.050, -108.801), Vector(15.296, 8.550, -78.830), Vector(73.574, 8.550, -60.844),
			Vector(87.286, 13.710, -59.145), Vector(35.868, 8.550, -34.060), Vector(61.598, 8.550, -22.974));
		Global.Staircase_Middle = Array(Vector(11.475, 12.550, 6.764), Vector(-4.713, 12.550, -31.389), 0, Vector(6.399, 12.550, -45.494),
			Vector(44.933, 10.550, -27.857), Vector(30.907, 10.070, -21.456), 0, Vector(27.490, 13.550, -58.165), 0, 0, Vector(78.570,
			11.550, -85.181), Vector(90.856, 11.210, -51.428), 0, 0, 0, Vector(0.249, 6.550, -105.835), 0, 0, 0, 0, 0, 0, Vector(-55.333,
			8.550, -124.210), Vector(-6.260, 8.550, -146.774), 0, 0, 0);
	}
