actions
	{
		Global.Path_Nodes = Array(Vector(24.308, 13.550, -86.868), Vector(23.233, 12.592, -85.093), Vector(22.769, 12.548, -79.475),
			Vector(29.892, 12.548, -76.696), Vector(34.438, 13.550, -81.461), Vector(33.281, 12.658, -79.778), Vector(30.198, 13.550,
			-85.401), Vector(16.810, 11.581, -61.484), Vector(21.483, 11.873, -62.732), Vector(15.809, 11.809, -65.854), Vector(17.494,
			12.550, -73.753), Vector(11.644, 12.550, -80.370), Vector(5.531, 11.574, -70.299), Vector(14.642, 11.474, -56.956), Vector(
			7.186, 11.572, -58.621), Vector(0.136, 11.545, -50.437), Vector(-9.380, 15.550, -40.527), Vector(-15.859, 15.550, -34.054),
			Vector(-16.424, 15.550, -47.422), Vector(-4.767, 11.474, -54.710), Vector(-2.243, 11.473, -57.638), Vector(-8.907, 11.550,
			-65.156), Vector(-4.641, 11.633, -68.622), Vector(8.162, 12.409, -74.641), Vector(-4.768, 11.633, -60.858), Vector(-12.900,
			11.550, -60.118), Vector(-18.799, 11.633, -59.620), Vector(-15.347, 17.550, -56.451), Vector(-13.034, 11.474, -51.996), Vector(
			-19.818, 11.475, -48.423), Vector(-25.964, 11.475, -39.395), Vector(-24.867, 11.474, -34.675), Vector(-31.389, 11.593,
			-30.297), Vector(-26.480, 11.474, -25.889), Vector(-0.394, 12.938, -27.169), Vector(-23.582, 11.633, -22.876), Vector(-17.373,
			11.550, -17.042), Vector(-19.134, 11.633, -14.117), Vector(-52.490, 13.603, -19.204), Vector(-39.745, 15.540, -17.723), Vector(
			-37.194, 15.542, -15.172), Vector(-33.074, 15.540, -10.875), Vector(-33.070, 15.541, -6.737), Vector(-34.966, 15.541, -5.970),
			Vector(-42.078, 11.474, 3.258), Vector(-39.901, 15.542, -13.152), Vector(-47.741, 15.542, -12.277), Vector(-52.292, 16.540,
			-8.120), Vector(-56.816, 16.101, -3.688), Vector(-67.860, 15.540, 1.828), Vector(-46.318, 11.574, 5.506), Vector(-47.927,
			12.568, 7.071), Vector(-49.518, 13.486, 8.559), Vector(-42.393, 13.540, 16.341), Vector(-39.757, 12.676, 13.648), Vector(
			-40.989, 12.471, 13.282), Vector(-39.034, 11.574, 8.542), Vector(-37.390, 11.474, 3.600), Vector(-29.443, 11.474, -2.861),
			Vector(-29.312, 11.474, -12.457), Vector(-21, 11.572, -9.315), Vector(-38.891, 17.489, 17.682), Vector(-42.334, 17.540,
			25.215), Vector(-47.311, 17.620, 25.466), Vector(-47.192, 17.546, 20.869), Vector(-50.281, 17.546, 23.958), Vector(-34.258,
			13.541, 32.160), Vector(-47.296, 13.620, 25.579), Vector(-41.280, 13.542, 28.620), Vector(-24.897, 11.540, 34.357), Vector(
			-29.128, 11.540, 19.524), Vector(-29.882, 11.574, 18.698), Vector(-22.312, 11.603, 20.280), Vector(-28.698, 11.603, 26.504),
			Vector(-17.599, 11.540, 25.202), Vector(-21.853, 11.540, 31.282), Vector(-50.795, 13.540, 20.952), Vector(-68.318, 13.526,
			-17.811), Vector(-58.050, 13.505, -21.887), Vector(-77.914, 11.405, -35.128), Vector(-65.271, 11.554, -42.475), Vector(-75.853,
			13.539, -15.291), Vector(-81.719, 11.559, -26.639), Vector(-88.970, 11.434, -28.746), Vector(-95.691, 12.324, -38.385), Vector(
			-88.967, 12.464, -45.159), Vector(-83.948, 11.530, -45.098), Vector(-72.240, 11.554, -51.136), Vector(-68.157, 12.405,
			-55.257), Vector(-78.327, 11.405, -49.955), Vector(-80.091, 12.222, -53.616), Vector(-80.903, 13.125, -55.273), Vector(-86.185,
			13.550, -64.647), Vector(-100.342, 13.550, -57.923), Vector(-98.006, 13.550, -53.313), Vector(-108.955, 13.550, -47.788),
			Vector(-105.662, 12.886, -42.170), Vector(-103.850, 12.321, -36.444), Vector(-110.349, 11.550, -62.061), Vector(-116.872,
			11.550, -61.056), Vector(-121.681, 11.340, -54.212), Vector(-117.191, 11.400, -45.109), Vector(-113.979, 12.325, -43.588),
			Vector(-118.589, 12.389, -41.081), Vector(-113.513, 12.565, -32.895), Vector(-108.806, 12.328, -34.822), Vector(-108.825,
			11.550, -68.974), Vector(-115.904, 11.550, -70.885), Vector(-109.761, 12.544, -76.062), Vector(-108.021, 13.512, -76.902),
			Vector(-105.438, 13.550, -78.296), Vector(-106.996, 12.471, -70.135), Vector(-105.413, 13.393, -71.076), Vector(-102.627,
			13.550, -72.528), Vector(-120.155, 14.550, -86.092), Vector(-110.381, 14.550, -82.038), Vector(-112.749, 14.550, -87.297),
			Vector(-110.830, 13.700, -88.072), Vector(-108.383, 13.708, -83.146), Vector(-105.904, 13.550, -87.414), Vector(-118.469,
			14.550, -96.360), Vector(-117.289, 14.550, -91.677), Vector(-100.168, 16.550, -92.241), Vector(-104.779, 16.550, -89.910),
			Vector(-95.170, 16.550, -94.644), Vector(-91.974, 14.550, -109.413), Vector(-87.093, 14.550, -104.819), Vector(-76.290, 16.550,
			-92.112), Vector(-76.407, 16.550, -84.858), Vector(-69.189, 16.550, -88.979), Vector(-63.515, 14.550, -79.509), Vector(-56.494,
			12.447, -66.895), Vector(-62.180, 12.550, -67.923), Vector(-64.152, 12.541, -64.238), Vector(-71.022, 14.550, -71.084), Vector(
			-77.475, 13.824, -68.435), Vector(-88.212, 14.550, -98.996), Vector(-89.966, 13.683, -98.174), Vector(-84.246, 14.550,
			-97.373), Vector(-87.185, 13.779, -92.916), Vector(-92.984, 13.550, -94.422), Vector(-87.633, 13.550, -67.280), Vector(-63.761,
			12.402, -58.793), Vector(-48.319, 10.247, -56.678), Vector(-51.024, 10.689, -49.133), Vector(-56.052, 10.569, -51.056), Vector(
			-58.155, 11.433, -38.886), Vector(-108.946, 16.550, -110.585), Vector(-121.455, 14.550, -102.134), Vector(-94.810, 14.550,
			-114.972), Vector(-70.678, 15.540, -1.360), Vector(-25.004, 14.542, 5.888), Vector(-22.905, 14.542, 1.661), Vector(-52.447,
			13.540, -26.979), Vector(-10.813, 17.550, -57.865), Vector(-6.180, 15.550, -67.294), Vector(20.865, 18.550, -80.430), Vector(
			15.214, 18.550, -69.860), Vector(20.510, 18.550, -69.179), Vector(24.727, 18.550, -64.622), Vector(30.621, 18.550, -75.128));
		Global.Healthkits = Array(Vector(-0.509, 11.545, -49.747), Vector(-15.592, 11.550, -58.205), Vector(-30.555, 11.574, -39.988),
			Vector(-14.883, 11.550, -21.102), Vector(-17.322, 14.540, 4.140), Vector(-40.862, 13.540, 25.241), Vector(-69.465, 15.540,
			2.218), Vector(-39.551, 12.608, -40.093), Vector(-73.395, 11.567, -38.396), Vector(-46.502, 10.255, -57.414), Vector(-125.168,
			11.550, -56.353), Vector(-105.172, 16.550, -103.052), Vector(-81.640, 14.550, -95.099));
		Global.ObjectiveA_Nodes = Array(Vector(-54.907, 13.574, 21.648), Vector(-56.303, 13.574, 20.432), Vector(-57.615, 13.574, 18.510),
			Vector(-58.849, 13.574, 16.937), Vector(-60.297, 13.574, 15.188), Vector(-61.929, 13.574, 13.528), Vector(-59.766, 13.574,
			11.352), Vector(-58.062, 13.574, 13.080), Vector(-56.551, 13.574, 14.614), Vector(-55.110, 13.574, 16.070), Vector(-53.497,
			13.574, 17.712), Vector(-52.265, 13.574, 18.995), Vector(-49.944, 13.574, 16.708), Vector(-51.201, 13.574, 15.562), Vector(
			-52.773, 13.574, 13.967), Vector(-54.328, 13.574, 12.485), Vector(-55.847, 13.574, 10.999), Vector(-57.591, 13.574, 9.272),
			Vector(-55.853, 13.573, 7.360), Vector(-54.024, 13.573, 8.948), Vector(-52.370, 13.573, 10.604), Vector(-50.940, 13.573,
			12.034), Vector(-49.305, 13.573, 13.671), Vector(-48.108, 13.573, 14.867), Vector(-45.892, 13.573, 12.610), Vector(-46.960,
			13.550, 11.516), Vector(-48.601, 13.540, 9.794), Vector(-49.991, 13.540, 8.443), Vector(-51.672, 13.540, 6.683), Vector(
			-53.367, 13.575, 4.898));
		Global.ObjectiveB_Nodes = Array(Vector(-98.932, 13.650, -72.609), Vector(-99.779, 13.650, -74.436), Vector(-100.882, 13.551,
			-76.812), Vector(-101.996, 13.551, -79.128), Vector(-103.070, 13.551, -81.358), Vector(-104.357, 13.650, -84.031), Vector(
			-105.217, 13.650, -85.680), Vector(-102.654, 13.650, -86.902), Vector(-101.553, 13.650, -84.668), Vector(-100.628, 13.650,
			-82.793), Vector(-99.405, 13.650, -80.319), Vector(-98.240, 13.650, -78.031), Vector(-97.071, 13.650, -75.711), Vector(-96.176,
			13.650, -73.894), Vector(-93.883, 13.550, -75.049), Vector(-94.844, 13.650, -77.011), Vector(-95.955, 13.650, -79.260), Vector(
			-97.135, 13.696, -81.494), Vector(-98.215, 13.650, -83.682), Vector(-99.277, 13.650, -85.842), Vector(-100.234, 13.550,
			-87.766), Vector(-97.555, 13.550, -89.086), Vector(-96.620, 13.550, -87.190), Vector(-95.482, 13.650, -84.874), Vector(-93.312,
			13.684, -80.612), Vector(-92.148, 13.650, -78.256), Vector(-91.198, 13.550, -76.312), Vector(-88.307, 13.650, -77.736), Vector(
			-89.251, 13.650, -79.644), Vector(-90.452, 13.650, -82.040), Vector(-91.538, 13.650, -84.237), Vector(-92.537, 13.650,
			-86.244), Vector(-93.718, 13.650, -88.599), Vector(-94.713, 13.650, -90.569), Vector(-92.105, 13.650, -91.834), Vector(-91.149,
			13.650, -89.917), Vector(-90.044, 13.550, -87.675), Vector(-88.973, 13.550, -85.507), Vector(-87.867, 13.550, -83.271), Vector(
			-86.745, 13.650, -81.001), Vector(-85.724, 13.650, -78.934));
		Global.Chokepoint = Array(Vector(-26.323, 11.474, -25.893), Vector(-66.594, 13.341, -27.318), Vector(-89.906, 13.550, -71.770),
			Vector(-52.878, 11.829, -7.114));
		Global.Staircase_Top = Array(Vector(-66.589, 13.405, -26.140), Vector(-82.618, 13.501, -16.139), Vector(-70.643, 15.542, -6.647),
			Vector(-65.143, 15.540, -6.527), Vector(-59.979, 15.542, 4.187), Vector(-34.590, 15.540, -6.683), Vector(-26.074, 14.540,
			1.271), Vector(-24.616, 16.540, 14.734), Vector(-37.694, 17.516, 20.769), Vector(-47.665, 17.540, 32.683), Vector(-32.230,
			13.254, 33.940), Vector(-57.139, 13.446, -12.114), Vector(-44.305, 15.540, -18.183), Vector(-39.479, 12.608, -28.553), Vector(
			-53.137, 13.540, -32.498), Vector(-49.383, 13.540, -27.547), Vector(-9.602, 15.550, -68.980), Vector(-8.132, 17.550, -60.216),
			Vector(-5.678, 15.550, -36.848), Vector(2.847, 12.946, -37.302), Vector(-8.880, 12.832, -27.182), Vector(-55.398, 12.397,
			-63.327), Vector(-61.802, 14.550, -76.613), Vector(-62.077, 16.551, -89.961), Vector(-77.293, 16.550, -94.813), Vector(
			-100.875, 16.550, -101.828), Vector(-106.802, 16.551, -98.947), Vector(-82.695, 16.550, -89.036), Vector(-80.155, 16.550,
			-83.716), Vector(-103.237, 13.571, -53.511), Vector(-120.158, 14.551, -81.422), Vector(-102.386, 16.550, -111.738), Vector(
			-113.796, 16.550, -106.208));
		Global.Staircase_Bottom = Array(Vector(-69.609, 11.405, -32.632), Vector(-85.103, 11.392, -20.781), Vector(-75.034, 13.566,
			-10.562), Vector(-61.208, 13.525, -10.475), Vector(-55.935, 13.575, 8.057), Vector(-40.884, 11.575, -0.246), Vector(-21.302,
			11.572, -3.285), Vector(-28.099, 14.540, 10.863), Vector(-34.271, 16.540, 24.479), Vector(-36.035, 13.540, 33.813), Vector(
			-29.453, 11.540, 36.633), Vector(-51.467, 11.620, -5.333), Vector(-48.019, 13.540, -21.756), Vector(-35.553, 11.476, -23.693),
			Vector(-49.045, 12.608, -36.187), Vector(-44.489, 12.608, -32.938), Vector(-15.940, 11.550, -62.363), Vector(-4.390, 15.550,
			-63.832), Vector(-1.161, 12.946, -32.046), Vector(3.562, 11.509, -41.938), Vector(-17.665, 11.549, -29.343), Vector(-52.905,
			10.449, -58.189), Vector(-59.507, 12.550, -71.912), Vector(-59.223, 14.548, -85.725), Vector(-79.826, 14.550, -99.545), Vector(
			-95.984, 14.550, -104.081), Vector(-111.703, 14.548, -96.284), Vector(-85.486, 13.550, -86.780), Vector(-83.598, 13.550,
			-82.150), Vector(-105.584, 11.550, -58.091), Vector(-117.084, 11.550, -74.470), Vector(-98.007, 14.550, -113.815), Vector(
			-118.548, 14.550, -103.858));
		Global.Healthkits_Small = Array(Vector(-15.592, 11.550, -58.205), Vector(-30.555, 11.574, -39.988), Vector(-14.883, 11.550,
			-21.102), Vector(-17.322, 14.540, 4.140), Vector(-40.862, 13.540, 25.241), Vector(-39.551, 12.608, -40.093), Vector(-73.395,
			11.567, -38.396), Vector(-46.502, 10.255, -57.414), Vector(-105.172, 16.550, -103.052), Vector(-81.640, 14.550, -95.099));
		Global.Healthkits_Large = Array(Vector(-0.509, 11.545, -49.747), Vector(-69.465, 15.540, 2.218), Vector(-125.168, 11.550,
			-56.353));
		Global.Staircase_Middle = Array(0, 0, 0, 0, 0, 0, 0, 0, 0, Vector(-42.432, 15.540, 37.130), 0, 0, 0, 0, 0, 0, 0, 0, 0, 0, 0, 0, 0,
			0, 0, 0, 0, Vector(-83.750, 15.175, -86.309), Vector(-82.981, 15.175, -84.748), 0, 0, 0, 0);
	}
