actions
	{
		Global.Path_Nodes = Array(Vector(3.981, 3.323, -36.909), Vector(8.605, 3.323, -40.174), Vector(10.350, 2.380, -39.130), Vector(
			9.493, 2.323, -32.820), Vector(16.271, 2.323, -28.814), Vector(11.492, 2.323, -25.745), Vector(12.426, 2.323, -22.622), Vector(
			7.483, 2.323, -22.075), Vector(4.930, 2.323, -34.192), Vector(-0.946, 2.323, -27.882), Vector(-0.890, 2.323, -31.785), Vector(
			-15.634, -0.714, -40.979), Vector(-24.713, -0.731, -33.487), Vector(18.208, 2.323, -18.646), Vector(26.765, 2.134, -12.078),
			Vector(15.455, 1.629, 7.748), Vector(-0.603, -0.850, -7.807), Vector(-8.120, -0.646, -14.031), Vector(-4.440, 0.061, -20.606),
			Vector(-10.896, -0.382, -21.944), Vector(-15.909, -0.172, -11.113), Vector(-6.120, -1.241, -2.344), Vector(-2.388, -1.241,
			1.979), Vector(2.731, -1.241, 2.453), Vector(0.592, 2.513, 13.336), Vector(3.717, 2.730, 18.015), Vector(14.922, 5.657,
			12.658), Vector(-7.994, 2.654, 9.724), Vector(-7.889, 3.091, 2.076), Vector(-1.576, 3.226, 0.606), Vector(0.355, 3.079, 6.900),
			Vector(-7.572, 2.498, 14.516), Vector(-13.043, 2.554, 11.881), Vector(-21.034, 2.402, 1.635), Vector(-22.778, 2.577, -3.143),
			Vector(-25.375, -0.728, -14.787), Vector(-18.387, -0.509, -24.928), Vector(-27.084, -0.728, -25.613), Vector(-6.457, 2.629,
			19.267), Vector(-1.267, 2.589, 26.096), Vector(2.813, 2.473, 28.497), Vector(-15.921, 6.061, 38.065), Vector(-19.987, 6.061,
			28.189), Vector(-28.536, 6.191, 37.751), Vector(-28.941, 3.015, 19.977), Vector(-24.721, 2.059, 14.081), Vector(-19.301, 2.135,
			17.240), Vector(-14.574, 2.289, 21.322), Vector(-10.462, 2.423, 19.912), Vector(-15.463, 2.406, 17.225), Vector(-30.817, 8.060,
			27.353), Vector(-32.288, 8.060, 29.569), Vector(-10.741, 2.335, 28.327), Vector(-19.667, 2.243, 24.550), Vector(-30.630, 2.881,
			27.033), Vector(-34.976, 7.081, 23.741), Vector(-43.375, 11.059, 16.044), Vector(-52.130, 11.059, 27.075), Vector(-48.726,
			11.059, 36.395), Vector(-52.483, 11.081, 36.699), Vector(-46.487, 11.093, 33.530), Vector(-60.800, 8.059, 43.578), Vector(
			-57.557, 8.089, 43.809), Vector(-57.066, 3.050, 44.937), Vector(-62.014, 3.070, 47.782), Vector(-56.681, 3.070, 53.479),
			Vector(-52.138, 3.103, 48.145), Vector(-51.954, 3.060, 40.871), Vector(-33.749, 2.892, 33.908), Vector(-37.396, 3.065, 38.026),
			Vector(-37.841, 3.215, 45.675), Vector(-33.353, 3.540, 50.425), Vector(-39.317, 3.050, 55.631), Vector(-43.026, 3.092, 53.282),
			Vector(-36.401, 7.050, 62.855), Vector(-30.712, 2.873, 40.070), Vector(-24.408, 2.905, 46.099), Vector(-32.954, 3.129, 61.572),
			Vector(-36.044, 3.050, 61.034), Vector(-39.771, 3.050, 65.068), Vector(-36.733, 3.075, 75.030), Vector(-38.827, 3.050, 70.155),
			Vector(-31.122, 3.075, 73.341), Vector(-27.624, 3.047, 71.465), Vector(-32.392, 3.025, 65.569), Vector(-26.918, 3.022, 58.088),
			Vector(-19.399, 2.876, 52.859), Vector(-15.577, 2.849, 57.189), Vector(-21.410, 3.060, 61.128), Vector(-22.348, 3.116, 68.305),
			Vector(-17.301, 3.072, 67.891), Vector(-4.031, 5.541, 74.734), Vector(0.158, 5.065, 68.868), Vector(-0.355, 5.061, 62.586),
			Vector(6.359, 5.081, 61.843), Vector(6.836, 5.156, 67.564), Vector(7.588, 5.172, 74.153), Vector(5.893, 6.050, 55.047), Vector(
			0.450, 6.729, 55.455), Vector(-8.055, 7.114, 58.641), Vector(-9.808, 5.541, 79.612), Vector(-17.036, 6.228, 77.519), Vector(
			-26.804, 6.210, 79.479), Vector(-28.017, 7.153, 75.910), Vector(-25.347, 6.166, 87.880), Vector(-24.884, 6.214, 96.300),
			Vector(-24.551, 7.114, 97.304), Vector(-15.897, 6.206, 96.733), Vector(-9.422, 6.290, 95.581), Vector(-9.440, 6.212, 86.866),
			Vector(-15.127, 6.248, 87.442), Vector(-3.545, 5.255, 86.524), Vector(-0.059, 4.442, 86.523), Vector(5.385, 5.610, 80.748),
			Vector(5.259, 4.755, 83.488), Vector(10.720, 3.949, 88.664), Vector(13.633, 2.050, 99.483), Vector(8.396, 2.062, 99.683),
			Vector(17.627, 3.949, 89.987), Vector(9.366, 5.963, 113.623), Vector(3.903, 6.137, 114.078), Vector(17.169, 5.963, 114.495),
			Vector(12.348, 6.384, 118.744), Vector(9.042, 5.963, 121.403), Vector(10.482, 6.043, 129.826), Vector(-4.997, 6.046, 130.729),
			Vector(-4.456, 6.049, 137.092), Vector(-9.985, 5.845, 142.967), Vector(-27.474, 6.121, 117.348), Vector(-19.323, 6.229,
			116.260), Vector(4.633, 2.235, 96.479), Vector(2.424, 2.221, 94.692), Vector(-1.624, 1.990, 95.833), Vector(-0.395, 2.204,
			101.059), Vector(-4.311, 1.251, 100.651), Vector(-8.874, 1.462, 100.141), Vector(-31.983, 6.193, 118.172), Vector(-32.557,
			5.975, 126.376), Vector(-26.233, 6.017, 122.403), Vector(-11.845, 5.790, 118.647), Vector(-11.527, 5.534, 122.531), Vector(
			-1.970, 5.510, 121.602), Vector(-2.264, 5.985, 116.813), Vector(-7.631, 6.187, 103.042), Vector(-5.482, 6.302, 99.548), Vector(
			-11.554, 6.302, 101.527), Vector(-16.427, 7.970, 63.699), Vector(-21.298, 7.980, 56.825), Vector(-22.380, 7.938, 63.189),
			Vector(-39.888, 11.750, 48.453), Vector(-35.548, 11.750, 44.434), Vector(-32.051, 11.750, 44.322), Vector(-30.578, 10.565,
			56.892), Vector(-34.230, 11.458, 54.471), Vector(-37.331, 11.750, 50.471), Vector(-69.532, 4.061, 16.988), Vector(-60.928,
			3.120, 26.062), Vector(-53.098, 3.059, 24.147), Vector(-53.333, 3.059, 31.413), Vector(-48.663, 3.059, 34.396), Vector(-51.478,
			7.059, 18.654), Vector(-53.466, 7.059, 22.836), Vector(-51.231, 7.059, 27.175), Vector(-45.086, 7.059, 27.581), Vector(9.932,
			1.043, 6.803), Vector(12.893, 2.012, -1.957), Vector(21.167, 2.240, -1.299), Vector(8.927, -0.467, -6.854), Vector(-50.751,
			9.061, 9.389), Vector(-32.089, 11.999, 12.426), Vector(-35.142, 12.164, 10.512), Vector(-36.974, 10.581, 7.241), Vector(
			-14.463, 7.872, 50.566), Vector(-19.466, 7.882, 46.827), Vector(-24.838, 9.570, 47.644), Vector(-24.612, 9.570, 43.614),
			Vector(-11.194, 12.095, 55.267), Vector(-14.940, 12.330, 53.198), Vector(-41.856, 7.059, 23.780), Vector(-42.888, 7.059,
			16.896), Vector(-63.841, 4.061, 23.340), Vector(16.505, 5.963, 108.744), Vector(18.433, 3.949, 96.748), Vector(3.584, 2.362,
			100.386), Vector(-13.022, 7.981, 126.966));
		Global.Healthkits = Array(Vector(5.912, 2.872, 19.910), Vector(-24.755, 2.698, -1.502), Vector(-4.915, 4.059, 45.586), Vector(
			-23.210, 2.059, 15.523), Vector(-39.251, 6.559, 7.032), Vector(-42.641, 11.059, 24.406), Vector(-37.764, 3.050, 57.758),
			Vector(-35.661, 3.050, 69.597), Vector(12.072, 5.157, 67.239), Vector(-16.997, 6.284, 84.687), Vector(17.615, 3.949, 88.212),
			Vector(-3.417, -1.241, 3.664));
		Global.ObjectiveA_Nodes = Array(Vector(-36.757, 3.147, 42.370), Vector(-37.965, 3.079, 40.849), Vector(-39.285, 3.076, 39.355),
			Vector(-40.772, 3.061, 37.639), Vector(-42.138, 3.062, 35.980), Vector(-44.330, 3.062, 34.055), Vector(-46.118, 3.062, 36.096),
			Vector(-44.008, 3.062, 37.972), Vector(-42.348, 3.060, 39.474), Vector(-40.736, 3.074, 40.918), Vector(-39.129, 3.102, 42.178),
			Vector(-38.042, 3.150, 43.861), Vector(-39.465, 3.071, 45.391), Vector(-40.712, 3.063, 43.912), Vector(-42.203, 3.055, 42.529),
			Vector(-43.741, 3.216, 41.148), Vector(-45.241, 3.059, 39.342), Vector(-47.414, 3.036, 37.468), Vector(-49.234, 3.059, 39.410),
			Vector(-47.028, 3.217, 41.373), Vector(-43.751, 3.218, 44.312), Vector(-42.195, 3.054, 45.710), Vector(-40.796, 3.067, 46.961),
			Vector(-42.553, 3.075, 49.020), Vector(-43.952, 3.052, 47.813), Vector(-45.521, 3.052, 46.594), Vector(-47.086, 3.218, 45.320),
			Vector(-48.933, 3.054, 43.795), Vector(-51.140, 3.056, 41.998), Vector(-52.591, 3.053, 43.785), Vector(-50.495, 3.053, 45.606),
			Vector(-48.715, 3.053, 47.133), Vector(-47.163, 3.053, 48.476), Vector(-45.624, 3.053, 49.811), Vector(-47.072, 3.053, 51.385),
			Vector(-48.559, 3.053, 49.942), Vector(-49.917, 3.053, 48.451), Vector(-51.422, 3.053, 47.123), Vector(-53.797, 3.053,
			45.086));
		Global.ObjectiveB_Nodes = Array(Vector(-15.756, 6.268, 108.684), Vector(-13.478, 6.214, 108.545), Vector(-10.715, 6.214, 108.583),
			Vector(-7.856, 6.204, 108.408), Vector(-4.389, 6.214, 108.211), Vector(-1.249, 6.202, 107.946), Vector(1.340, 6.239, 107.744),
			Vector(1.623, 6.237, 109.881), Vector(-0.996, 6.210, 110.191), Vector(-4.080, 6.215, 110.470), Vector(-7.676, 6.212, 110.799),
			Vector(-10.584, 6.212, 111.059), Vector(-13.263, 6.212, 111.296), Vector(-15.618, 6.212, 111.507), Vector(-13.097, 6.213,
			113.981), Vector(-10.375, 6.213, 113.748), Vector(-3.727, 6.230, 113.351), Vector(-0.782, 6.226, 113.091), Vector(1.847, 6.218,
			112.702), Vector(2.119, 6.308, 115.769), Vector(-0.514, 6.212, 116.019), Vector(-3.513, 6.229, 116.574), Vector(-10.114, 6.321,
			116.696), Vector(-12.970, 6.081, 116.462), Vector(-15.330, 6.311, 116.864));
		Global.Chokepoint = Array(Vector(-14.707, 2.272, 21.863), Vector(-24.614, 2.904, 46.126), Vector(-9.977, 5.992, 81.221));
		Global.Staircase_Top = Array(Vector(-3.666, 2.323, -33.916), Vector(2.980, 2.107, -19.888), Vector(2.372, 2.548, 11.957), Vector(
			-13.535, 2.568, 2.542), Vector(-11.242, 6.059, 41.424), Vector(-30.214, 8.059, 29.618), Vector(-33.095, 8.059, 27.499), Vector(
			-47.788, 9.059, 8.619), Vector(-45.700, 11.059, 14.656), Vector(-56.188, 11.059, 33.531), Vector(-53.356, 7.065, 16.308),
			Vector(-39.915, 7.050, 62.610), Vector(-15.650, 5.541, 74.024), Vector(-10.516, 5.541, 72.131), Vector(5.835, 4.129, 87.591),
			Vector(13.765, 3.949, 89.378), Vector(10.637, 5.970, 105.237), Vector(-17.988, 6.207, 95.938), Vector(-20.288, 6.228, 112.201),
			Vector(-32.499, 6.213, 113.307), Vector(-25.391, 7.958, 113.667), Vector(-12.478, 7.950, 131.274), Vector(-18.351, 7.833,
			127.092));
		Global.Staircase_Bottom = Array(Vector(-9.657, -0.542, -38.438), Vector(-1.354, -0.304, -13.540), Vector(5.572, -1.073, 2.118),
			Vector(-8.900, -1.024, -4.716), Vector(-0.388, 2.365, 36.979), Vector(-26.104, 6.059, 32.058), Vector(-41.571, 3.063, 34.328),
			Vector(-31.628, 3.088, 18.714), Vector(-49.973, 9.059, 11.921), Vector(-60.067, 8.059, 40.308), Vector(-59.104, 3.061, 22.845),
			Vector(-46.053, 3.047, 55.888), Vector(-22.043, 3.087, 73.851), Vector(-10.685, 3.209, 65.885), Vector(5.740, 2.351, 93.471),
			Vector(13.565, 2.050, 94.388), Vector(18.057, 3.949, 103.797), Vector(-10.917, 1.896, 102.119), Vector(-20.757, 4.262,
			106.789), Vector(-22.053, 4.233, 105.076), Vector(-28.078, 5.189, 108.631), Vector(-12.126, 5.927, 135.817), Vector(-22.279,
			6.028, 127.485));
		Global.Healthkits_Small = Array(Vector(-23.210, 2.059, 15.523), Vector(-39.251, 6.559, 7.032), Vector(-37.764, 3.050, 57.758),
			Vector(-16.997, 6.284, 84.687), Vector(17.615, 3.949, 88.212), Vector(-3.417, -1.241, 3.664));
		Global.Healthkits_Large = Array(Vector(-24.755, 2.698, -1.502), Vector(-4.915, 4.059, 45.586), Vector(-42.641, 11.059, 24.406),
			Vector(-35.661, 3.050, 69.597), Vector(12.072, 5.157, 67.239), Vector(-8.047, 1.349, 101.431));
		Global.Staircase_Middle = Array(0, 0, Vector(6.662, 0.257, 6.227), 0, Vector(-5.720, 4.061, 44.082), 0, Vector(-36.168, 7.059,
			25.708), Vector(-40.513, 6.561, 12.611), 0, 0, 0, 0, 0, 0, 0, 0, 0, Vector(-16.532, 4.003, 102.663), 0, Vector(-32.677, 5.188,
			107.469), Vector(-26.313, 6.690, 111.105), 0, 0);
		Global.Jump_Start = Array(Vector(-28.834, 7.482, 74.014), Vector(-22.983, 7.970, 68.645), Vector(-25.999, 7.938, 64.082), Vector(
			-33.203, 7.550, 66.752), Vector(-25.331, 7.938, 61.904));
		Global.Jump_End = Array(Vector(-27.598, 7.701, 72.637), Vector(-25.322, 7.980, 70.466), Vector(-28.341, 7.980, 64.870), Vector(
			-31.550, 7.701, 66.138), Vector(-27.058, 7.970, 61.558));
	}
