actions
	{
		Global.Path_Nodes = Array(Vector(19.115, -3.430, -7.029), Vector(22.230, -3.430, -2.728), Vector(11.664, -3.430, 0.382), Vector(
			14.471, -3.430, 3.732), Vector(14.699, -3.430, 8.417), Vector(22.479, -3.430, 16.681), Vector(12.294, -3.430, 11.616), Vector(
			8.697, -3.430, 14.177), Vector(3.268, -3.430, 10.937), Vector(1.857, -3.430, 5.124), Vector(6.298, -3.430, 0.208), Vector(
			-11.676, -5.429, 0.889), Vector(-18.760, -5.429, 3.040), Vector(-21.062, -4.971, 12.861), Vector(-20.263, -4.237, 17.439),
			Vector(-8.611, -4.224, 16.377), Vector(-4.076, -4.398, 19.473), Vector(5.244, -3.553, 28.582), Vector(9.836, -3.284, 30.330),
			Vector(9.762, -2.620, 44.645), Vector(4.051, -2.832, 48.484), Vector(2.942, -2.681, 39.472), Vector(-7.610, -2.680, 35.937),
			Vector(-16.961, -2.628, 36.414), Vector(-3.939, -2.680, 32.992), Vector(-8.027, -2.680, 29.489), Vector(-12.501, -2.628,
			32.243), Vector(-12.119, -3.299, 26.815), Vector(-8.182, -3.654, 26.154), Vector(-4.488, -3.421, 26.550), Vector(-6.737,
			-4.198, 23.789), Vector(-17.288, -4.266, 23.026), Vector(-24.407, -3.485, 34.104), Vector(-26.350, -4.067, 25.506), Vector(
			-39.582, -1.430, 29.641), Vector(-39.076, -1.430, 34.137), Vector(-34.752, -1.430, 34.769), Vector(-36.102, -1.430, 44.520),
			Vector(-27.377, -1.665, 51.362), Vector(-24.035, -2.852, 38.069), Vector(-21.062, -2.126, 48.056), Vector(-8.842, -2.083,
			51.688), Vector(-34.931, -1.006, 50.911), Vector(-35.597, -3.430, 13.048), Vector(-37.508, 3.570, 31.484), Vector(-36.800,
			3.570, 37.948), Vector(-28.547, 3.563, 39.603), Vector(-13.882, -1.749, 59.083), Vector(-18.960, -1.022, 61.353), Vector(
			-27.312, -0.431, 61.504), Vector(-29.990, -0.431, 55.102), Vector(-33.174, 3.570, 73.803), Vector(-29.789, 3.570, 70.053),
			Vector(-29.618, 3.647, 73.484), Vector(-29.774, 3.647, 76.796), Vector(-32.812, 3.658, 81.164), Vector(-27.768, -1.210,
			65.839), Vector(-23.880, -1.568, 67.878), Vector(-18.624, -1.749, 68.276), Vector(-10.463, -1.749, 69.855), Vector(-4.385,
			-1.561, 61.387), Vector(8.200, -1.430, 57.782), Vector(10.041, -0.519, 58.129), Vector(13.625, -0.430, 63.177), Vector(17.154,
			-0.430, 59.680), Vector(16.029, -0.430, 53.548), Vector(12.763, -0.430, 72.434), Vector(8.652, -1.155, 72.616), Vector(-1.985,
			-1.749, 73.489), Vector(-21.524, -1.729, 74.117), Vector(-21.985, -2.470, 83.259), Vector(-12.122, -2.441, 83.034), Vector(
			-1.233, -2.069, 77.713), Vector(-5.982, -2.422, 86.552), Vector(-1.490, -2.678, 85.267), Vector(-5.985, -2.496, 97.820),
			Vector(0.555, -2.155, 101.041), Vector(13.199, -2.431, 100.697), Vector(1.895, 3.470, 92.466), Vector(-2.446, 3.470, 95.443),
			Vector(-2.646, 3.730, 91.519), Vector(-0.875, 3.470, 87.720), Vector(2.134, 3.470, 85.156), Vector(3.405, 3.629, 102.223),
			Vector(-0.787, 3.745, 102.271), Vector(1.488, 3.570, 107.651), Vector(-2.600, 2.921, 107.674), Vector(-14.028, 2.570, 106.908),
			Vector(-11.756, 2.570, 109.268), Vector(-16.404, 2.572, 109.223), Vector(-5.354, 2.572, 109.220), Vector(-21.352, 2.734,
			109.327), Vector(-24.403, 3.035, 107.370), Vector(-27.815, 3.570, 107.400), Vector(-27.825, 3.570, 98.466), Vector(-25.630,
			3.619, 94.885), Vector(-25.730, 3.739, 100.670), Vector(-32.857, 3.570, 98.650), Vector(-32.793, 3.570, 93.471), Vector(
			-34.153, 3.570, 89.847), Vector(-34.120, 3.570, 84.913), Vector(-38.475, 3.570, 97.230), Vector(-26.195, -2.313, 89.096),
			Vector(-30.969, -2.430, 88.744), Vector(-31.784, -2.430, 94.464), Vector(-31.871, -2.496, 104.348), Vector(-20.520, -2.463,
			97.590), Vector(-22.432, -1.430, 117.197), Vector(-6.448, -1.430, 117.760), Vector(-7.472, -2.496, 102.167), Vector(-13.216,
			-2.145, 102.533), Vector(-11.458, 2.820, 77.646), Vector(-11.432, 2.820, 73.925), Vector(-6.518, 2.820, 74.816), Vector(
			-14.983, 2.820, 74.133), Vector(-16.582, 2.820, 80.687), Vector(-11.038, 2.820, 81.130), Vector(-5.433, 2.829, 81.280), Vector(
			-18.550, 3.493, 78.386), Vector(27.165, -2.496, 70.183), Vector(26.335, -2.496, 80.215), Vector(23.501, -2.496, 86.816),
			Vector(18.358, -2.430, 86.412), Vector(22.929, -2.496, 101.479), Vector(26.751, 2.570, 76.861), Vector(24.187, 2.570, 89.587),
			Vector(24.067, 2.570, 87.145), Vector(-42.591, 3.570, 97.319), Vector(-39.044, -2.611, 72.881), Vector(-48.146, -2.377,
			78.117), Vector(-49.160, -2.491, 88.289), Vector(-52.001, -3.425, 97.925), Vector(-44.252, -3.429, 103.582), Vector(-35.421,
			-2.496, 103.709), Vector(-59.423, -2.805, 94.053), Vector(-64.304, -2.516, 91.043), Vector(-61.286, -2.430, 85.605), Vector(
			-55.635, -2.611, 76.016), Vector(-50.681, -2.611, 64.123), Vector(-45.950, -1.672, 60.850), Vector(-44.236, -1.430, 57.024),
			Vector(-50.469, -1.430, 48.442), Vector(-54.643, -1.430, 46.464), Vector(-60.676, -1.430, 55.062), Vector(-58.174, -1.759,
			57.155), Vector(-58.453, -2.611, 63.954), Vector(-65.071, -2.611, 73.381), Vector(-72.684, -2.430, 77.054), Vector(-72.353,
			-1.782, 73.187), Vector(-67.753, -1.430, 65.880), Vector(-72.919, -0.306, 62.034), Vector(-70.812, -1.118, 63.298), Vector(
			-64.567, 3.570, 90.686), Vector(-61.703, 3.570, 86.465), Vector(-55.084, 3.570, 89.111), Vector(-49.589, 3.570, 92.694),
			Vector(-57.612, -1.430, 42.940), Vector(-70.114, -0.930, 37.522), Vector(-71.164, -0.930, 33.723), Vector(-67.720, -0.930,
			29.147), Vector(-63.522, -0.930, 29.934), Vector(-59.719, -0.930, 33.152), Vector(-64.327, -0.928, 39.841), Vector(-78.440,
			-0.430, 49.353), Vector(-75.832, -0.430, 56.011), Vector(-71.642, -0.430, 50.749), Vector(-85.049, -2.426, 73.341), Vector(
			-100.962, 3.740, 71.803), Vector(-97.911, 3.572, 73.851), Vector(-96.376, 3.572, 68.467), Vector(-94.627, 3.572, 64.339),
			Vector(-91.831, 3.572, 60.689), Vector(-91.449, 3.572, 56.255), Vector(-87.742, 3.648, 58.282), Vector(-114.645, 3.570,
			71.778), Vector(-110.376, 3.570, 67.612), Vector(-110.628, 3.570, 64.171), Vector(-118.235, -0.430, 53.423), Vector(-111.705,
			-0.312, 48.345), Vector(-114.968, -0.430, 49.214), Vector(-121.906, -0.430, 45.480), Vector(-125.369, -0.430, 47.922), Vector(
			-130.214, -0.430, 45.053), Vector(-132.296, -0.430, 41.671), Vector(-128.938, 0.569, 38.694), Vector(-126.317, 0.569, 34.896),
			Vector(-127.048, 0.569, 27.394), Vector(-120.549, 0.544, 33.474), Vector(-118.477, 0.569, 28.308), Vector(-110.779, -0.430,
			26.838), Vector(-105.563, -0.430, 18.547), Vector(-98.086, -0.926, 23.022), Vector(-102.348, -0.930, 30.017), Vector(-99.669,
			-0.428, 32.314), Vector(-108.673, -0.930, 40.380), Vector(-101.363, -0.430, 44.968), Vector(-87.883, -0.928, 28.724), Vector(
			-88.885, -0.926, 39.396), Vector(-90.959, -0.431, 43.016), Vector(-81.479, -0.930, 31.166), Vector(-77.959, -0.930, 26.831),
			Vector(-91.098, 3.570, 27.544), Vector(-93.702, 3.572, 26.169), Vector(-96.730, 3.572, 33.281), Vector(-88.770, 3.572, 38.644),
			Vector(-89.840, 3.748, 35.584), Vector(-89.765, 3.674, 40.430), Vector(-84.789, 3.570, 36.290), Vector(-81.440, 3.572, 43.105),
			Vector(-83.322, 3.572, 46.807), Vector(-83.438, 3.579, 50.769), Vector(-87.071, 3.579, 49.076), Vector(-100.021, 3.570,
			38.536), Vector(-102.446, 3.811, 46.669), Vector(-100.670, 3.570, 43.478), Vector(-103.527, 3.811, 41.706), Vector(-105.813,
			3.687, 45.358), Vector(-102.850, 3.570, 43.959), Vector(-107.396, 3.570, 51.111), Vector(-107.256, 3.570, 56.993), Vector(
			-85.044, -0.430, 51.472), Vector(-88.646, -0.430, 56.284), Vector(-82.544, -0.430, 64.078), Vector(-85.334, -0.430, 58.812),
			Vector(-80.393, -0.430, 54.047), Vector(-92.247, -2.430, 67.260), Vector(-91.255, -2.430, 71.294), Vector(-95.775, -2.430,
			73.729), Vector(-98.958, -2.430, 71.734), Vector(-96.375, -2.430, 66.994), Vector(-104.341, -2.430, 67.574), Vector(-100.997,
			-2.430, 62.125), Vector(-99.738, -1.496, 60.514), Vector(-98.738, -0.572, 58.960), Vector(-97.045, -0.430, 56.735), Vector(
			-77.591, -0.430, 68.752), Vector(-84.202, -0.424, 78.688), Vector(-89.661, -0.428, 87.233), Vector(-71.214, 4.070, 53.689),
			Vector(-75.097, 4.206, 51.640), Vector(-74.899, 4.248, 48.094), Vector(-72.378, 4.230, 43.876), Vector(-70.052, 4.070, 40.810),
			Vector(-66.459, 4.176, 42.616), Vector(-62.366, 4.184, 45.114), Vector(-70.425, 4.070, 51.319), Vector(36.345, 0.571, -1.508),
			Vector(20.374, 0.571, -19.592), Vector(16.709, -3.429, -16.537), Vector(12.904, -3.429, -12.422), Vector(7.833, -3.430,
			-8.829), Vector(14.164, -3.430, -2.900), Vector(17.368, -3.430, 1.821), Vector(23.297, -3.430, 9.172), Vector(28.363, -3.430,
			5.357), Vector(33.231, -3.430, 1.222), Vector(21.637, -3.430, 20.256), Vector(16.074, -3.423, 24.850), Vector(0.806, -3.430,
			-7.881), Vector(-16.527, 3.777, 30.641), Vector(-17.308, 3.599, 43.815), Vector(0.360, 3.642, 43.351), Vector(0.495, 3.591,
			30.902), Vector(7.388, 2.422, 43.116), Vector(7.267, 2.346, 35.081), Vector(-8.600, 4.136, 43.313), Vector(-17.816, 4.517,
			57.624), Vector(-17.825, 4.517, 53.402), Vector(7.155, 3.660, 92.643), Vector(13.680, -0.430, 78.444), Vector(-67.330, 3.570,
			81.924), Vector(-82.751, 1.570, 20.028));
		Global.Healthkits = Array(Vector(-39.628, -1.430, 24.338), Vector(-8.106, -2.590, 37.492), Vector(17.732, -3.427, 45.712), Vector(
			20.840, -0.430, 55.596), Vector(16.939, -2.430, 94.748), Vector(-33.316, -2.430, 88.370), Vector(-13.976, -1.430, 117.541),
			Vector(-15.840, -2.430, 78.587), Vector(-30.393, -0.430, 53.872), Vector(-65.422, 3.570, 83.113), Vector(-64.234, -2.430,
			82.749), Vector(-73.366, -0.930, 32.706), Vector(-69.632, -0.430, 46.764), Vector(-109.866, -0.430, 55.291), Vector(-91.409,
			-2.430, 63.145), Vector(-96.973, -0.430, 33.606));
		Global.ObjectiveA_Nodes = Array(Vector(-7.769, -2.289, 85.207), Vector(-7.815, -2.289, 87.377), Vector(-7.840, -2.289, 89.852),
			Vector(-7.870, -2.289, 92.546), Vector(-7.896, -2.289, 95.101), Vector(-10.586, -2.289, 95.080), Vector(-10.507, -2.289,
			92.481), Vector(-10.507, -2.298, 89.904), Vector(-10.502, -2.289, 87.292), Vector(-10.497, -2.289, 85.103), Vector(-13.432,
			-2.289, 85.104), Vector(-13.432, -2.310, 87.354), Vector(-13.432, -2.144, 89.979), Vector(-13.433, -2.160, 92.463), Vector(
			-13.413, -2.291, 94.941), Vector(-16.509, -2.291, 94.941), Vector(-16.509, -2.293, 92.276), Vector(-16.509, -2.316, 89.911),
			Vector(-16.509, -2.289, 87.247), Vector(-16.505, -2.289, 85.047), Vector(-19.485, -2.289, 85.047), Vector(-19.485, -2.289,
			87.273), Vector(-19.485, -2.289, 89.919), Vector(-19.484, -2.289, 92.403), Vector(-19.484, -2.289, 95.021));
		Global.ObjectiveB_Nodes = Array(Vector(-85.259, -0.430, 47.489), Vector(-87.578, -0.430, 46.107), Vector(-90.244, -0.430, 44.475),
			Vector(-92.404, -0.430, 43.138), Vector(-94.466, -0.430, 41.875), Vector(-96.901, -0.430, 40.386), Vector(-98.394, -0.430,
			42.773), Vector(-95.954, -0.430, 44.219), Vector(-93.803, -0.430, 45.536), Vector(-91.720, -0.430, 46.812), Vector(-88.960,
			-0.430, 48.498), Vector(-86.710, -0.430, 49.878), Vector(-88.119, -0.430, 52.264), Vector(-90.392, -0.430, 50.855), Vector(
			-93.176, 0.659, 49.149), Vector(-95.257, 0.541, 47.899), Vector(-97.430, -0.430, 46.608), Vector(-99.799, -0.430, 45.150),
			Vector(-101.640, -0.430, 48.130), Vector(-99.006, -0.430, 49.694), Vector(-97.037, -0.430, 50.902), Vector(-94.790, -0.430,
			52.278), Vector(-92.267, -0.430, 53.823), Vector(-89.944, -0.430, 55.238), Vector(-91.288, -0.430, 57.447), Vector(-93.702,
			-0.430, 55.975), Vector(-96.241, -0.430, 54.421), Vector(-98.429, -0.430, 53.079), Vector(-100.506, -0.430, 51.832), Vector(
			-102.906, -0.430, 50.366), Vector(-103.862, -0.430, 51.903), Vector(-101.452, -0.430, 53.374), Vector(-99.312, -0.430, 54.687),
			Vector(-97.289, -0.430, 55.928), Vector(-94.725, -0.430, 57.466), Vector(-92.310, -0.430, 58.923));
		Global.Chokepoint = Array(Vector(-9.119, -1.626, 54.718), Vector(-33.496, -1.974, 73.884), Vector(-71.918, -0.479, 62.658));
		Global.Staircase_Top = Array(Vector(27.686, -1.430, -10.888), Vector(23.336, 0.570, -18.080), Vector(34.674, 0.570, -5.313),
			Vector(-2.188, -3.429, -7.196), Vector(-30.642, -3.430, 6.991), Vector(-43.221, -1.430, 22.742), Vector(-47.084, 3.570,
			24.521), Vector(-33.596, -1.430, 27.320), Vector(9.408, 3.569, 90.964), Vector(24.269, 2.569, 72.754), Vector(-5.994, -1.430,
			108.300), Vector(-7.298, -1.430, 113.788), Vector(-13.958, -1.430, 117.341), Vector(-20.271, -1.431, 113.485), Vector(-21.869,
			-1.430, 108.011), Vector(-38.808, 3.570, 93.752), Vector(-32.475, 3.604, 64.814), Vector(-43.518, 3.597, 91.647), Vector(
			-70.587, 3.570, 91.748), Vector(-65.994, 4.079, 52.743), Vector(-81.074, -0.424, 66.465), Vector(-86.667, -0.430, 63.666),
			Vector(-102.093, 3.570, 79.628), Vector(-110.662, 3.570, 61.378), Vector(-80.923, 1.571, 23.151), Vector(-90.132, 3.570,
			23.134));
		Global.Staircase_Bottom = Array(Vector(23.420, -3.430, -7.475), Vector(26.596, -1.430, -14.508), Vector(31.330, -1.430, -8.959),
			Vector(-6.437, -5.430, -3.685), Vector(-25.602, -5.440, 6.907), Vector(-43.185, -3.430, 17.558), Vector(-45.096, -1.429,
			28.211), Vector(-28.934, -3.429, 27.227), Vector(13.732, -2.430, 87.731), Vector(17.714, -0.314, 72.481), Vector(-5.988,
			-2.496, 104.790), Vector(-10.278, -2.496, 113.708), Vector(-14.020, -2.496, 113.559), Vector(-17.397, -2.496, 113.666), Vector(
			-21.813, -2.491, 105.020), Vector(-32.420, -2.377, 83.668), Vector(-32.424, -0.430, 56.062), Vector(-42.925, -2.430, 78.816),
			Vector(-75.948, -2.429, 80.614), Vector(-62.350, -1.430, 54.457), Vector(-83.525, -2.428, 71.002), Vector(-89.500, -2.430,
			67.937), Vector(-89.172, -2.430, 78.443), Vector(-118.468, -0.430, 56.971), Vector(-83.376, -0.916, 28.143), Vector(-87.687,
			1.629, 19.072));
		Global.Healthkits_Small = Array(Vector(20.840, -0.430, 55.596), Vector(16.939, -2.430, 94.748), Vector(-13.976, -1.430, 117.541),
			Vector(-15.840, -2.430, 78.587), Vector(-30.393, -0.430, 53.872), Vector(-65.422, 3.570, 83.113), Vector(-69.632, -0.430,
			46.764), Vector(-109.866, -0.430, 55.291), Vector(-96.973, -0.430, 33.606));
		Global.Healthkits_Large = Array(Vector(-39.628, -1.430, 24.338), Vector(-8.106, -2.590, 37.492), Vector(17.732, -3.427, 45.712),
			Vector(-33.316, -2.430, 88.370), Vector(-64.234, -2.430, 82.749), Vector(-73.366, -0.930, 32.706), Vector(-91.409, -2.430,
			63.145));
		Global.Staircase_Middle = Array(0, 0, 0, 0, 0, 0, Vector(-53.266, 1.570, 26.263), 0, Vector(11.338, -0.430, 80.661), 0, 0, 0, 0, 0,
			0, Vector(-38.321, -0.430, 83.606), 0, 0, Vector(-78.859, -0.430, 86.015), Vector(-64.903, -0.602, 52.896), 0, 0, Vector(
			-93.567, -0.424, 84.709), 0, 0, 0);
	}
