	actions
	{
		Global.Path_Nodes = Array(Vector(68.493, 15.562, 16.237), Vector(64.368, 15.562, 24.131), Vector(76.706, 14.601, 22.828), Vector(
			78.965, 14.550, 24.816), Vector(76.421, 14.550, 28.965), Vector(82.504, 14.550, 20.763), Vector(88.427, 14.550, 21.452),
			Vector(93.978, 14.550, 25.420), Vector(99.574, 14.550, 29.322), Vector(103.918, 14.550, 32.973), Vector(106.255, 14.850,
			30.716), Vector(96.121, 14.300, 40.276), Vector(92.739, 14.300, 34.626), Vector(89.712, 14.300, 38.748), Vector(86.038, 14.300,
			35.712), Vector(88.905, 14.300, 31.225), Vector(82.705, 14.300, 27.036), Vector(85.764, 14.300, 23.632), Vector(91.474, 14.300,
			28.275), Vector(97.143, 14.300, 32.813), Vector(67.424, 18.550, 39.493), Vector(85.783, 21.550, 15.775), Vector(83.106, 21.550,
			19.796), Vector(87.664, 21.550, 20.564), Vector(90.527, 21.601, 17.359), Vector(95.024, 21.550, 26.657), Vector(102.949,
			21.550, 31.808), Vector(117.925, 19.550, 36.962), Vector(126.041, 19.560, 40.208), Vector(139.431, 15.562, 46.792), Vector(
			129.202, 12.562, 43.670), Vector(123.992, 12.550, 43.955), Vector(117.974, 12.658, 34.196), Vector(111.802, 12.550, 32.936),
			Vector(110.076, 12.550, 38.928), Vector(117.720, 12.550, 40.425), Vector(119.932, 12.550, 47.442), Vector(116.097, 12.550,
			48.376), Vector(114.452, 12.550, 44.038), Vector(109.924, 12.550, 47.204), Vector(74.765, 9.550, 6.062), Vector(82.681, 9.013,
			5.981), Vector(87.022, 8.548, 4.622), Vector(76.238, 12.550, -18.353), Vector(79.060, 12.562, -22.152), Vector(72.851, 12.562,
			-31.258), Vector(70.391, 12.550, -29.401), Vector(69.418, 12.562, -36.048), Vector(78.840, 10.349, -49.524), Vector(93.594,
			12.562, 12.623), Vector(97.103, 13.553, 15.259), Vector(102.510, 13.553, 18.268), Vector(105.190, 12.562, 13.550), Vector(
			101.922, 12.588, 10.625), Vector(96.938, 12.562, 8.365), Vector(103.601, 12.562, 7.848), Vector(100.270, 19.562, 20.447),
			Vector(99.484, 19.845, 13.990), Vector(102.336, 19.562, 18.074), Vector(104.600, 19.562, 15.438), Vector(106.840, 19.596,
			16.983), Vector(106.987, 19.562, 12.365), Vector(109.463, 19.596, 14.020), Vector(109.580, 19.562, 9.024), Vector(111.896,
			19.596, 10.758), Vector(105.289, 19.647, 10.202), Vector(100.861, 19.835, 6.669), Vector(94.438, 19.562, 11.910), Vector(
			97.167, 19.562, 8.302), Vector(101.370, 19.562, 3.627), Vector(105.162, 19.550, -1.833), Vector(104.547, 19.795, -5.342),
			Vector(109.918, 19.795, -5.222), Vector(109.954, 19.550, -0.368), Vector(113.277, 19.550, 4.263), Vector(114.676, 19.874,
			-1.313), Vector(118.843, 19.483, 7.024), Vector(119.520, 19.807, 9.983), Vector(121.763, 19.807, 5.525), Vector(124.832,
			19.483, 9.939), Vector(127.590, 19.616, 14.143), Vector(132.922, 19.300, 11.276), Vector(135.130, 19.550, 15.785), Vector(
			140.149, 19.300, 14.922), Vector(154.970, 11.562, 5.618), Vector(148.916, 11.562, 12.520), Vector(143.805, 11.560, 11.731),
			Vector(129.567, 10.821, -0.412), Vector(134.746, 11.562, 1.714), Vector(141.751, 11.550, 3.158), Vector(144.704, 11.562,
			-8.033), Vector(144.689, 12.252, -15.705), Vector(141.857, 12.550, -18.320), Vector(132.674, 12.550, -10.336), Vector(115.524,
			12.550, -25.404), Vector(108.578, 12.562, -31.078), Vector(112.182, 12.618, -28.465), Vector(111.189, 12.550, -20.324), Vector(
			91.021, 10.550, -25.356), Vector(97.600, 10.550, -17.099), Vector(94.946, 10.550, -21.416), Vector(101.861, 11.043, -7.845),
			Vector(102.872, 11.550, -5.115), Vector(99.608, 12.113, -2.522), Vector(95.319, 12.550, 2.638), Vector(89.775, 12.550, 9.667),
			Vector(80.220, 9.550, 6.341), Vector(68.540, 9.050, 0.436), Vector(61.761, 9.067, -4.746), Vector(64.468, 8.550, -9.141),
			Vector(71.994, 8.550, -3.479), Vector(57.535, 8.919, -2.117), Vector(52.072, 8.562, -2.376), Vector(45.779, 8.562, -10.006),
			Vector(53.980, 8.358, -36.048), Vector(47.428, 8.560, -51.175), Vector(46.218, 8.560, -43.813), Vector(52.261, 8.560, -52.144),
			Vector(61.191, 8.555, -60.008), Vector(66.211, 9.130, -54.524), Vector(68.043, 10.082, -51.285), Vector(64.334, 8.550,
			-30.835), Vector(61.319, 8.550, -36.541), Vector(50.445, 8.550, -31.098), Vector(51.408, 8.311, -24.275), Vector(56.886, 8.550,
			-29.911), Vector(84.829, 8.548, -12.719), Vector(79.634, 8.548, -16.696), Vector(117.495, 8.921, -13.825), Vector(121.052,
			8.839, -11.257), Vector(122.166, 8.573, -15.676), Vector(110.770, 12.631, 18.289), Vector(113.211, 12.631, 11.299), Vector(
			109.968, 12.631, 27.967), Vector(118.483, 12.631, 30.365), Vector(131.339, 12.600, 35.671), Vector(136.354, 12.600, 20.355),
			Vector(128.963, 12.600, 18.058), Vector(82.854, 19.072, -6.639), Vector(80.238, 19.086, -8.725), Vector(77.555, 19.104,
			-5.355), Vector(80.136, 19.106, -3.113), Vector(40.212, 10.560, -12.280), Vector(40.051, 10.550, -3.941), Vector(39.346,
			10.550, 2.781), Vector(47.165, 10.550, 5.373), Vector(47.112, 10.550, 2.756), Vector(65.336, 17.992, 4.286), Vector(56.875,
			10.850, 10.671), Vector(58.004, 10.550, 4.700), Vector(34.562, 10.560, -0.386), Vector(36.501, 12.562, -18.191), Vector(39.129,
			12.626, -17.854), Vector(33.687, 12.638, -18.098), Vector(36.657, 12.550, -24.856), Vector(28.131, 12.550, -22.999), Vector(
			22.318, 12.550, -22.735), Vector(25.585, 12.035, -29.490), Vector(25.936, 12.550, -25.700), Vector(31.396, 12.550, -25.729),
			Vector(31.370, 11.550, -32.258), Vector(24.426, 11.850, -35.252), Vector(34.167, 11.550, -37.522), Vector(30.807, 11.850,
			-39.401), Vector(22.128, 5.550, -40.927), Vector(25.897, 5.550, -44.869), Vector(29.511, 5.550, -41.110), Vector(26.024, 5.550,
			-37.084), Vector(31.444, 5.562, -38.889), Vector(25.744, 5.562, -32.440), Vector(31.010, 5.562, -24.431), Vector(21.285, 5.562,
			-24.664), Vector(26.924, 5.562, -26.619), Vector(20.319, 5.562, -30.336), Vector(26.249, 1.562, -27.744), Vector(25.915, 1.102,
			-19.967), Vector(25.603, 0.562, -12.655), Vector(13.897, 1.277, -12.982), Vector(8.599, 1.140, -12.867), Vector(8.590, 1.525,
			-9.176), Vector(11.645, 2.265, -9.448), Vector(14.413, 2.562, -4.949), Vector(17.452, 2.562, -0.074), Vector(20.948, 5.659,
			-16.286), Vector(23.175, 5.396, -11.263), Vector(23.026, 5.614, -20.072), Vector(33.564, 4.421, -7.003), Vector(38.971, 3.550,
			3.253), Vector(39.244, 3.562, 10.651), Vector(45.734, 3.550, 10.423), Vector(45.646, 3.550, 3.175), Vector(46.176, 3.550,
			19.318), Vector(37.243, 2.981, 19.342), Vector(29.559, 2.571, 15.220), Vector(30.046, 2.571, 8.989), Vector(20.558, 2.571,
			13.688), Vector(19.709, 3.760, 17.753), Vector(19.634, 3.760, 23.908), Vector(21.922, 3.851, 23.766), Vector(9.298, 3.732,
			23.713), Vector(16.994, 3.732, 23.479), Vector(25.233, -0.430, 23.567), Vector(19.780, -0.430, 23.194), Vector(13.397, -0.430,
			23.557), Vector(13.288, -0.399, 18.938), Vector(6.951, -0.430, 24.070), Vector(-1.902, -0.430, 23.067), Vector(-5.507, -0.438,
			23.314), Vector(22.396, 11.410, -6.737), Vector(21.996, 11.410, 1.211), Vector(17.825, 11.550, 13.302), Vector(18.128, 11.550,
			19.310), Vector(27.014, 12.238, 20.287), Vector(26.627, 12.246, 28.446), Vector(40.524, 12.236, 20.750), Vector(40.465, 12.236,
			29.292), Vector(34.760, 12.238, 20.580), Vector(32.206, 12.234, 29.310), Vector(33.974, 11.987, 24.358), Vector(1.918, 1.162,
			-11.805), Vector(-3, 1.562, -14.938), Vector(4.689, 1.270, -5.058), Vector(0.646, 1.282, -1.716), Vector(-2.743, 1.162, 4.509),
			Vector(-6.403, 1.634, 0.463), Vector(-4.553, 1.562, -5.706), Vector(-9.428, 1.562, -9.917), Vector(-14.555, 1.562, -5.666),
			Vector(-15.753, 1.562, 0.923), Vector(-11.979, 1.562, 3.599), Vector(-25.454, 5.562, 10.088), Vector(-18.417, 9.750, -3.421),
			Vector(-15.915, 9.748, -6.604), Vector(-13.458, 9.748, -9.831), Vector(-12.576, 9.562, -1.330), Vector(-9.075, 9.562, -0.922),
			Vector(-4.411, 9.760, 2.541), Vector(-1.641, 9.760, -0.817), Vector(-7.149, 9.748, 5.803), Vector(-6.751, 9.562, 0.462),
			Vector(-5.305, 1.334, 9.529), Vector(-2.112, 1.562, 14.954), Vector(7.266, 1.560, 15.890), Vector(-0.013, 1.493, 10.412),
			Vector(7.706, 1.560, 11.493), Vector(2.421, 1.251, 1.478), Vector(5.583, 1.283, -0.875), Vector(-13.429, 1.562, 7.267), Vector(
			-18.777, 1.562, 14.455), Vector(-18.113, 1.150, -8.376), Vector(-8.764, 1.550, -20.534), Vector(-5.893, 1.562, -24.169),
			Vector(-1.048, 1.562, -19.852), Vector(-18.599, 1.550, -27.660), Vector(-27.829, 1.550, -34.888), Vector(-33.563, 1.550,
			-38.994), Vector(-51.360, 1.550, -14.813), Vector(-46.178, 1.550, -11.020), Vector(-41.874, 1.550, -7.902), Vector(-37.139,
			1.550, -4.177), Vector(-32.333, 1.550, 0.099), Vector(-27.959, 1.550, 3.876), Vector(-26.863, 1.648, 7.612), Vector(-24.783,
			1.150, -19.813), Vector(-31.813, 1.163, -18.864), Vector(-31.097, 1.150, -11.800), Vector(-23.882, 1.150, -12.906), Vector(
			-36.590, 1.550, -34.754), Vector(-40.509, 1.550, -30.027), Vector(-44.137, 1.550, -24.874), Vector(-47.999, 1.550, -20.364),
			Vector(186.398, 8.590, 41.434), Vector(183.617, 8.563, 51.236), Vector(187.777, 8.562, 35.685), Vector(172.674, 12.562,
			22.537), Vector(161.303, 12.550, 19.307), Vector(166.435, 12.550, 27.805), Vector(174.581, 12.560, 29.731), Vector(179.904,
			16.541, 25.872), Vector(159.417, 12.550, 25.413), Vector(150.964, 12.550, 24.025), Vector(143.141, 12.550, 21.426), Vector(
			139.273, 12.550, 35.485), Vector(147.461, 12.550, 37.690), Vector(148.281, 15.560, 57.792), Vector(147.049, 15.560, 54.326),
			Vector(146.003, 15.560, 49.333), Vector(155.200, 15.560, 43.209), Vector(151.583, 15.560, 49.430), Vector(152.125, 19.562,
			58.893), Vector(162.747, 19.562, 61.640), Vector(163.224, 19.489, 59.667), Vector(168.434, 19.562, 63.021), Vector(170.562,
			19.562, 56.012), Vector(172.729, 20.550, 48.502), Vector(169.835, 20.650, 46.607), Vector(176.136, 20.650, 48.112), Vector(
			175.141, 19.562, 65.681), Vector(175.376, 19.527, 63.151), Vector(184.539, 19.561, 68.251), Vector(187.857, 19.561, 73.447),
			Vector(162.514, 13.560, 61.652), Vector(180.400, 13.560, 66.469), Vector(171.124, 13.560, 64.063), Vector(173.059, 12.550,
			36.205), Vector(170.937, 12.550, 42.311), Vector(157.054, 12.550, 40.384), Vector(186.867, 13.709, 56.137), Vector(185.412,
			13.709, 62.088), Vector(189.291, 13.560, 59.601), Vector(191.492, 13.560, 65.244), Vector(183.030, 16.050, 30.601), Vector(
			186.933, 15.883, 31.171), Vector(190.320, 16.050, 32.521), Vector(188.523, 16.560, 25.010), Vector(192.016, 16.560, 21.961),
			Vector(200.604, 16.560, 25.597), Vector(198.268, 16.560, 31.274), Vector(192.604, 16.550, 29.694), Vector(204.774, 16.560,
			29.721), Vector(202.508, 16.562, 34.258), Vector(207.755, 16.562, 32.782), Vector(212.290, 16.562, 32.039), Vector(205.548,
			16.562, 38.361), Vector(219.483, 16.562, 34.218), Vector(217.657, 16.562, 41.708), Vector(214.747, 16.562, 49.036), Vector(
			207.830, 16.560, 47.162), Vector(203.287, 16.550, 53.947), Vector(200.388, 16.550, 49.202), Vector(202.910, 16.550, 41.750),
			Vector(197.097, 16.550, 44.388), Vector(192.075, 15.894, 43.047), Vector(59.070, 8.313, -23.036), Vector(71.136, 8.354,
			-19.785), Vector(65.347, 8.357, -26.356));
		Global.Healthkits = Array(Vector(13.199, -0.438, 16.234), Vector(61.337, 10.550, 7.369), Vector(32.845, 5.562, -38.872), Vector(
			51.782, 8.562, -9.554), Vector(82.299, 10.305, -52.066), Vector(90.697, 10.550, -26.218), Vector(87.148, 14.300, 38.499),
			Vector(101.586, 13.553, 18.231), Vector(130.559, 10.566, -26.563), Vector(109.475, 12.562, -35.769), Vector(151.569, 11.562,
			15.157), Vector(133.919, 12.562, 48.870), Vector(144.813, 17.562, 70.285), Vector(170.989, 13.562, 64.669), Vector(190.848,
			13.550, 68.803), Vector(194.477, 16.562, 25.644), Vector(166.683, 19.562, 70.111), Vector(173.662, 12.562, 18.539), Vector(
			37.578, 3.562, 11.477));
		Global.ObjectiveA_Nodes = Array(Vector(2.730, 1.334, 8.449), Vector(1.228, 1.165, 6.194), Vector(5.603, 1.364, 8.245), Vector(
			9.660, 1.358, 8.460), Vector(13.912, 1.869, 8.179), Vector(18.370, 2.363, 8.180), Vector(22.676, 2.351, 8.226), Vector(26.391,
			2.311, 7.678), Vector(27.994, 2.321, 4.036), Vector(28.436, 2.647, -0.082), Vector(28.821, 3.685, -4.163), Vector(29.647,
			4.716, -8.361), Vector(30.739, 5.433, -12.539), Vector(32.877, 5.450, -15.613), Vector(36.698, 5.563, -16.172), Vector(40.640,
			6.356, -16.502), Vector(45.389, 7.601, -16.236), Vector(48.918, 8.346, -15.747), Vector(52.259, 8.350, -16.023), Vector(56.018,
			8.357, -15.485), Vector(58.810, 8.352, -12.561), Vector(63.035, 8.344, -11.142), Vector(66.899, 8.357, -11.371), Vector(70.330,
			8.389, -10.897), Vector(73.391, 8.505, -8.665), Vector(76.027, 8.343, -6.585), Vector(78.170, 8.339, -4.896), Vector(2.612,
			1.143, 4.085), Vector(4.637, 1.282, 4.063), Vector(7.906, 1.362, 4.199), Vector(10.897, 1.400, 4.441), Vector(14.361, 1.993,
			4.369), Vector(18.185, 2.339, 3.949), Vector(22.276, 2.365, 3.364), Vector(24.142, 2.629, -0.059), Vector(24.985, 3.576,
			-3.620), Vector(25.539, 4.489, -7.072), Vector(25.974, 5.152, -10.315), Vector(26.397, 5.372, -13.975), Vector(26.750, 5.368,
			-17.044), Vector(29.914, 5.365, -19.065), Vector(33.774, 5.455, -19.542), Vector(37.897, 5.744, -19.735), Vector(42.083, 6.748,
			-19.994), Vector(45.798, 7.815, -20.188), Vector(49.533, 8.337, -20.291), Vector(52.876, 8.333, -20.310), Vector(56.449, 8.301,
			-19.508), Vector(58.907, 8.243, -17.147), Vector(61.362, 8.480, -14.646), Vector(64.304, 8.262, -13.991), Vector(67.699, 8.212,
			-14.763), Vector(70.924, 8.266, -15.099), Vector(73.881, 8.505, -14.052), Vector(76.666, 8.389, -12.204), Vector(79.114, 8.356,
			-10.485), Vector(81.292, 8.358, -8.910), Vector(81.077, 8.346, -2.634), Vector(83.848, 8.375, -7.012), Vector(84.130, 8.358,
			-0.626), Vector(87.109, 8.356, 1.434), Vector(90.383, 8.322, 1.056), Vector(92.715, 8.339, -1.225), Vector(95.481, 8.915,
			-4.412), Vector(97.742, 10.249, -7.494), Vector(99.991, 10.340, -10.640), Vector(102.498, 10.357, -12.939), Vector(105.521,
			10.175, -11.873), Vector(108.455, 9.345, -9.630), Vector(111.468, 9.345, -7.191), Vector(114.243, 9.345, -4.880), Vector(
			116.925, 9.353, -2.613), Vector(119.284, 10.438, -0.412), Vector(120.038, 10.438, 2.657), Vector(118.686, 11.246, 5.786),
			Vector(117.725, 12.238, 9.482), Vector(116.706, 12.433, 13.473), Vector(115.808, 12.433, 16.875), Vector(115.021, 12.433,
			19.852), Vector(114.223, 12.430, 23.274), Vector(115.795, 12.434, 26.077), Vector(119.665, 12.430, 26.977), Vector(123.442,
			12.600, 27.863), Vector(127.142, 12.600, 28.645), Vector(130.764, 12.600, 29.350), Vector(135.021, 12.600, 30.030), Vector(
			138.895, 12.550, 30.816), Vector(142.580, 12.550, 31.675), Vector(146.661, 12.550, 32.754), Vector(149.978, 12.550, 33.631),
			Vector(85.731, 8.416, -5.710), Vector(88.687, 8.410, -4.895), Vector(91.216, 8.501, -6.465), Vector(93.745, 9.543, -8.931),
			Vector(96.368, 10.319, -11.488), Vector(98.772, 10.303, -13.829), Vector(100.930, 10.328, -16.020), Vector(103.787, 10.330,
			-17.210), Vector(107.322, 10.309, -15.585), Vector(110.214, 9.499, -13.430), Vector(112.781, 9.328, -11.460), Vector(115.730,
			9.328, -9.276), Vector(118.606, 9.332, -7.187), Vector(121.640, 10.215, -4.771), Vector(124.532, 10.419, -3.003), Vector(
			125.984, 10.408, 0.246), Vector(125.300, 10.417, 3.728), Vector(124.309, 11.298, 7.269), Vector(123.223, 12.222, 11.144),
			Vector(122.376, 12.416, 14.871), Vector(121.991, 12.363, 18.705), Vector(125.088, 12.600, 20.821), Vector(128.563, 12.600,
			21.813), Vector(132.130, 12.600, 22.820), Vector(135.785, 12.600, 24.098), Vector(139.480, 12.550, 25.507), Vector(143.176,
			12.550, 26.957), Vector(146.654, 12.550, 28.194), Vector(150.140, 12.550, 29.166), Vector(154.006, 12.489, 30.140), Vector(
			152.884, 12.489, 34.198), Vector(155.535, 12.400, 35.588), Vector(159.331, 12.400, 36.714), Vector(162.068, 12.400, 38.576),
			Vector(162.350, 12.400, 42.180), Vector(161.415, 12.400, 45.657), Vector(160.412, 13.036, 49.217), Vector(159.417, 13.400,
			52.639), Vector(160.086, 13.400, 55.971), Vector(163.016, 13.400, 57.358), Vector(166.631, 13.400, 58.488), Vector(170.447,
			13.400, 59.707), Vector(174.547, 13.400, 60.932), Vector(178.373, 13.400, 61.967), Vector(181.131, 13.400, 60.980), Vector(
			182.188, 13.400, 57.894), Vector(183.136, 14.162, 54.646), Vector(184.135, 15.387, 51.211), Vector(185.186, 15.400, 47.558),
			Vector(186.139, 15.350, 44.360), Vector(187.210, 15.350, 40.998), Vector(187.221, 15.349, 37.299), Vector(156.188, 12.400,
			30.905), Vector(159.122, 12.400, 31.578), Vector(163.119, 12.400, 32.588), Vector(166.932, 12.400, 33.587), Vector(168.697,
			12.400, 36.242), Vector(167.891, 12.400, 39.565), Vector(166.693, 12.400, 43.765), Vector(165.591, 12.400, 47.871), Vector(
			164.597, 13.374, 51.758), Vector(167.134, 13.400, 54.396), Vector(171.060, 13.400, 55.679), Vector(175.003, 13.400, 56.614),
			Vector(177.563, 13.600, 54.707), Vector(178.783, 14.890, 51.368), Vector(179.715, 15.400, 47.777), Vector(180.475, 15.400,
			44.594), Vector(181.273, 15.350, 41.271), Vector(181.994, 15.350, 38.465), Vector(185.001, 15.350, 36.708));
		Global.ObjectiveB_Nodes = Array();
		Global.Chokepoint = Array();
		Global.Staircase_Top = Array(Vector(72.541, 18.550, 38.979), Vector(75.433, 21.550, 30.119), Vector(64.819, 18.562, 36.795),
			Vector(67.995, 15.562, 26.351), Vector(68.070, 15.560, 22.177), Vector(73.907, 15.561, 14.539), Vector(84.486, 14.550, 17.858),
			Vector(100.751, 14.550, 27.954), Vector(101.695, 14.550, 41.779), Vector(93.080, 21.562, 19.003), Vector(107.836, 21.500,
			33.787), Vector(135.439, 15.562, 53.206), Vector(129.538, 19.562, 41.164), Vector(93.392, 10.550, -13.850), Vector(102.743,
			12.562, -23.346), Vector(36.592, 12.550, -27.702), Vector(78, 12.550, -41.821), Vector(87.252, 10.550, -22.066), Vector(81.389,
			12.550, -21.425), Vector(71.953, 12.562, -30.280), Vector(96.731, 14.562, 21.913), Vector(109.290, 11.550, -2.017), Vector(
			111.464, 11.550, -0.221), Vector(106.414, 12.608, 4.342), Vector(144.145, 19.562, 16.095), Vector(163.476, 12.562, 7.016),
			Vector(138.112, 12.560, 15.451), Vector(136.556, 12.550, -15.691), Vector(118.541, 12.550, -29.680), Vector(46.315, 8.669,
			-13.979), Vector(74.555, 10.302, -48.188), Vector(55.022, 10.550, 4.867), Vector(36.430, 12.562, -9.613), Vector(32.761,
			11.550, -42.545), Vector(17.417, 5.562, -30.851), Vector(12.677, 3.563, -27.069), Vector(21.841, 5.123, -8.445), Vector(36.342,
			4.550, -6.088), Vector(39.052, 4.550, -6.309), Vector(28.596, 2.573, 19.039), Vector(2.956, 1.560, 17.772), Vector(-12.967,
			1.562, 18.762), Vector(-24.334, 5.562, 7.835), Vector(-17.043, 9.562, 4.430), Vector(179.513, 12.562, 24.913), Vector(169.214,
			12.550, 47.042), Vector(147.232, 15.562, 46.629), Vector(144.556, 17.562, 63.634), Vector(149.707, 19.562, 59.877), Vector(
			151.839, 15.560, 58.703), Vector(194.038, 19.560, 70.669), Vector(201.053, 16.563, 58.144));
		Global.Staircase_Bottom = Array(Vector(78.291, 14.300, 31.949), Vector(71.196, 18.550, 35.530), Vector(72.587, 14.562, 26.375),
			Vector(69.664, 14.562, 24.799), Vector(70.575, 14.562, 23.944), Vector(76.077, 14.562, 16.271), Vector(80.510, 9.550, 9.157),
			Vector(104.040, 12.631, 24.212), Vector(105.715, 12.588, 43.029), Vector(97.013, 19.562, 21.860), Vector(112.100, 19.550,
			35.423), Vector(130.569, 12.562, 47.030), Vector(138.310, 15.560, 43.724), Vector(89.083, 8.584, -10.902), Vector(99.718,
			10.550, -19.502), Vector(45.257, 8.216, -31.896), Vector(82.142, 10.550, -45.044), Vector(83.260, 8.550, -19.151), Vector(
			85.865, 10.550, -24.064), Vector(71.182, 8.550, -24.616), Vector(91.743, 12.562, 17.782), Vector(112.382, 9.347, -6.179),
			Vector(114.603, 9.348, -4.146), Vector(108.725, 11.550, 1.571), Vector(156.284, 11.562, 8.544), Vector(159.294, 11.562, 6.010),
			Vector(139.120, 11.562, 10.959), Vector(126.058, 8.573, -15.692), Vector(120.930, 8.573, -19.368), Vector(41.320, 6.713,
			-14.092), Vector(62.718, 8.303, -41.140), Vector(49.821, 3.550, 19.144), Vector(36.465, 10.550, -4.521), Vector(22.986, 5.587,
			-48.307), Vector(11.871, 3.562, -30.460), Vector(17.735, 1.562, -27.019), Vector(14.528, 2.550, -8.987), Vector(36.353, 3.550,
			-3.019), Vector(39.351, 3.550, -2.914), Vector(21.282, -0.375, 19.065), Vector(3.095, -0.430, 22.354), Vector(-9.118, -0.438,
			21.688), Vector(-19.801, 1.562, 1.973), Vector(-22.681, 5.562, 11.675), Vector(188.876, 8.562, 27.565), Vector(178.034, 8.567,
			49.164), Vector(149.039, 12.550, 39.823), Vector(145.826, 15.560, 58.823), Vector(148.322, 17.562, 64.738), Vector(156.892,
			13.562, 60.095), Vector(200.020, 16.562, 65.433), Vector(194.103, 13.642, 56.360));
		Global.Healthkits_Small = Array(Vector(13.199, -0.438, 16.234), Vector(51.782, 8.562, -9.554), Vector(90.697, 10.550, -26.218),
			Vector(101.586, 13.553, 18.231), Vector(109.475, 12.562, -35.769), Vector(133.919, 12.562, 48.870), Vector(170.989, 13.562,
			64.669), Vector(190.848, 13.550, 68.803), Vector(194.477, 16.562, 25.644), Vector(166.683, 19.562, 70.111), Vector(37.578,
			3.562, 11.477));
		Global.Healthkits_Large = Array(Vector(61.337, 10.550, 7.369), Vector(32.845, 5.562, -38.872), Vector(82.299, 10.305, -52.066),
			Vector(87.148, 14.300, 38.499), Vector(130.559, 10.566, -26.563), Vector(151.569, 11.562, 15.157), Vector(144.813, 17.562,
			70.285), Vector(173.662, 12.562, 18.539));
		Global.Staircase_Middle = Array(0, 0, Vector(70.496, 15.562, 29.354), 0, 0, 0, Vector(87.428, 12.550, 14.057), 0, 0, 0, 0, Vector(
			129.671, 13.562, 51.438), 0, 0, 0, Vector(36.473, 11.550, -31.607), 0, 0, 0, Vector(70.199, 10.927, -28.376), 0, 0, 0, 0,
			Vector(153.256, 15.562, 18.124), 0, 0, Vector(130.184, 10.566, -20.320), Vector(124.718, 10.564, -24.416), 0, Vector(71.407,
			9.976, -46.516), Vector(55.059, 6.550, 13.700), 0, Vector(31.688, 9.550, -48.088), 0, 0, 0, 0, 0, 0, 0, 0, 0, 0, 0, 0, 0, 0, 0,
			0, Vector(198.421, 18.562, 71.158), 0);
		Global.Jump_Start = Array(Vector(19.443, 2.541, 15.253));
		Global.Jump_End = Array(Vector(19.424, 2.535, 16.135));
	}
