	actions
	{
		Global.Path_Nodes = Array(Vector(-89.020, 11.550, -66.866), Vector(-96.843, 5.549, -76.739), Vector(-94.056, 5.550, -79.703),
			Vector(-83.976, 5.550, -79.498), Vector(-74.515, 5.550, -68.503), Vector(-80.147, 5.550, -62.976), Vector(-82.954, 5.550,
			-65.773), Vector(-93.206, 5.675, -63.525), Vector(-93.217, 5.550, -57.960), Vector(-101.223, 5.400, -49.286), Vector(-96.719,
			5.400, -45.068), Vector(-90.119, 5.400, -51.201), Vector(-91.813, 5.400, -39.841), Vector(-87.359, 5.400, -44.178), Vector(
			-74.074, 5.550, -41.870), Vector(-70.087, 5.498, -39.361), Vector(-69.960, 5.569, -42.460), Vector(-66.068, 5.577, -42.229),
			Vector(-61.461, 5.571, -42.072), Vector(-57.679, 5.572, -42.134), Vector(-54.096, 5.578, -42.298), Vector(-56.950, 5.498,
			-39.029), Vector(-54.140, 5.496, -28.329), Vector(-43.140, 7.574, -38.752), Vector(-49.207, 11.533, -43.403), Vector(-44.965,
			11.533, -43.262), Vector(-48.088, 11.550, -38.373), Vector(-38.634, 7.550, -38.687), Vector(-30.082, 7.550, -43.126), Vector(
			-32.168, 7.393, -48.165), Vector(-38.585, 7.399, -46.625), Vector(-27.528, 7.624, -50.875), Vector(-23.504, 7.577, -43.024),
			Vector(-24.152, 7.577, -58.586), Vector(-23.605, 7.577, -66.235), Vector(-13.222, 9.550, -32.862), Vector(-18.003, 7.550,
			-43.418), Vector(-65.348, 7.550, -76.764), Vector(-54.896, 7.550, -76.789), Vector(-54.234, 7.550, -71.648), Vector(-45.238,
			7.550, -63.596), Vector(-47.634, 7.550, -68.544), Vector(-60.863, 7.550, -67.396), Vector(-60.283, 7.550, -61.300), Vector(
			-61.274, 7.540, -55.250), Vector(-56.988, 7.540, -55.395), Vector(-53.423, 7.726, -55.014), Vector(-49.603, 7.721, -54.697),
			Vector(-45.931, 7.730, -54.658), Vector(-53.365, 7.550, -60.775), Vector(-57.218, 7.550, -60.863), Vector(-49.325, 7.550,
			-61.039), Vector(-40.191, 7.550, -62.355), Vector(-40.651, 7.550, -56.822), Vector(-40.573, 7.550, -67.463), Vector(-39.848,
			7.550, -77.051), Vector(-36.295, 7.550, -83.249), Vector(-30.152, 7.550, -84.787), Vector(-24.314, 7.550, -84.637), Vector(
			-24.479, 7.550, -90.087), Vector(-15.786, 7.550, -90.162), Vector(-15.946, 7.550, -85.805), Vector(-10.685, 7.550, -90.869),
			Vector(-30.200, 11.602, -98.202), Vector(-33.094, 11.550, -91.126), Vector(-41.534, 11.550, -98.073), Vector(-52.603, 11.594,
			-90.051), Vector(-53.078, 11.550, -93.864), Vector(-52.789, 11.550, -98.185), Vector(-56.697, 11.550, -94.408), Vector(-46.673,
			11.550, -96.004), Vector(-44.841, 11.584, -91.686), Vector(-12.028, 12.613, -44.138), Vector(-9.528, 12.550, -49.816), Vector(
			-15.891, 12.622, -47.107), Vector(-29.193, 13.550, -51.284), Vector(-29.130, 13.550, -43.272), Vector(-29.044, 13.550,
			-59.319), Vector(-23.903, 13.550, -64.308), Vector(-23.604, 13.550, -58.917), Vector(-24.051, 13.550, -42.977), Vector(-24.144,
			13.550, -51.416), Vector(-19.289, 15.993, -83.984), Vector(-29.708, 15.993, -83.935), Vector(-0.315, 7.550, -89.494), Vector(
			-5.322, 7.550, -87.995), Vector(1.173, 7.550, -96.270), Vector(-18.486, 7.550, -71.522), Vector(-7.666, 7.577, -66.348),
			Vector(0.117, 7.550, -66.852), Vector(-4.407, 7.550, -71.312), Vector(0.192, 7.550, -59.225), Vector(-6.596, 7.577, -60.539),
			Vector(2.330, 7.550, -55.394), Vector(15.719, 7.550, -48.217), Vector(15.669, 7.550, -53.913), Vector(8.058, 7.550, -56.192),
			Vector(7.270, 7.550, -49.048), Vector(22.614, 7.550, -49.938), Vector(34.372, 7.550, -52.461), Vector(34.145, 7.550, -58.871),
			Vector(46.106, 7.559, -63.220), Vector(39.004, 7.550, -63.342), Vector(29.721, 7.550, -63.058), Vector(15.672, 7.550, -61.810),
			Vector(21.838, 7.550, -61.355), Vector(5.689, 13.550, -75.700), Vector(1.398, 13.550, -76.143), Vector(0.554, 13.550, -80.106),
			Vector(-3.030, 13.985, -79.815), Vector(13.919, 13.675, -79.228), Vector(8.955, 7.550, -74.713), Vector(10.275, 7.550,
			-67.823), Vector(-0.377, 7.550, -83.539), Vector(5.592, 7.550, -83.594), Vector(4.809, 7.550, -96.267), Vector(5.310, 7.550,
			-89.304), Vector(17.563, 7.550, -88.540), Vector(17.577, 7.550, -83.065), Vector(27.265, 7.550, -82.955), Vector(26.966, 7.550,
			-71.443), Vector(63.685, 12.550, -68.542), Vector(56.110, 12.550, -69.996), Vector(55.934, 12.658, -75.808), Vector(49.447,
			12.550, -67.416), Vector(44.803, 12.618, -66.791), Vector(46.499, 12.552, -63.590), Vector(43.827, 13.212, -61.695), Vector(
			34.265, 13.550, -61.480), Vector(27.503, 13.550, -62.136), Vector(27.436, 13.550, -68.842), Vector(27.367, 11.550, -86.934),
			Vector(23.285, 11.550, -87.411), Vector(28.468, 11.550, -95.283), Vector(34.152, 11.551, -94.792), Vector(33.100, 11.551,
			-87.611), Vector(48.616, 11.550, -97.063), Vector(40.049, 11.550, -89.243), Vector(52.359, 7.550, -99.203), Vector(60.688,
			7.550, -93.073), Vector(57.197, 7.550, -89.767), Vector(48.497, 7.550, -88.916), Vector(39.126, 7.550, -87.146), Vector(53.268,
			7.550, -79.282), Vector(61.567, 7.613, -78.063), Vector(65.313, 13.550, -82.688), Vector(62.322, 13.615, -82.954), Vector(
			68.240, 7.543, -93.437), Vector(79.753, 8.550, -119.091), Vector(71.459, 8.550, -119.558), Vector(69.663, 6.541, -101.813),
			Vector(69.279, 7.048, -97.201), Vector(81.130, 6.543, -101.586), Vector(76.950, 6.543, -99.657), Vector(78.822, 6.068,
			-92.235), Vector(74.703, 7.543, -90.617), Vector(68.936, 7.543, -89.580), Vector(78.680, 5.541, -87.813), Vector(86.292, 5.468,
			-90.301), Vector(123.413, 6.354, -18.896), Vector(138.872, 6.456, -19.271), Vector(138.507, 6.988, -26.614), Vector(125.818,
			7.550, -33.120), Vector(136.629, 7.549, -38.548), Vector(127.117, 7.553, -39.617), Vector(121.713, 6.975, -29.687), Vector(
			111.333, 8.585, -34.330), Vector(114.194, 8.582, -40.820), Vector(114.239, 8.533, -52.005), Vector(111.615, 8.519, -58.524),
			Vector(116.506, 8.455, -57.608), Vector(125.091, 7.550, -57.404), Vector(125.292, 7.550, -50.091), Vector(132.092, 7.548,
			-49.951), Vector(133.187, 7.550, -62.853), Vector(125.765, 7.550, -62.529), Vector(127.447, 13.832, -64.012), Vector(129.330,
			13.600, -53.289), Vector(122.657, 14.010, -58.871), Vector(117.005, 14.702, -57.887), Vector(158.900, 12.569, -62.021), Vector(
			159.597, 12.551, -46.291), Vector(159.309, 12.557, -30.464), Vector(172.959, 12.500, -46.923), Vector(177.158, 11.550,
			-55.562), Vector(192.169, 11.550, -59.057), Vector(177.776, 11.550, -37.853), Vector(189.410, 11.550, -35.788), Vector(199.013,
			11.550, -46.388), Vector(185.295, 12.800, -46.604), Vector(147.137, 10.550, -26.944), Vector(140.201, 11.509, -27.398), Vector(
			133.222, 11.548, -27.016), Vector(124.356, 11.563, -34.139), Vector(126.836, 11.492, -29.243), Vector(98.480, 10.501, -24.317),
			Vector(99.733, 10.643, -17.769), Vector(99.869, 10.625, -31.428), Vector(95.211, 10.612, -35.788), Vector(92.498, 10.550,
			-24.861), Vector(78.016, 8.550, -29.581), Vector(77.953, 8.594, -34.570), Vector(77.922, 8.594, -41.114), Vector(82.400, 8.550,
			-45.663), Vector(81.771, 8.543, -52.889), Vector(91.187, 8.510, -44.490), Vector(85.912, 8.643, -56.852), Vector(89.602, 8.326,
			-51.879), Vector(78.882, 8.541, -59.569), Vector(81.154, 8.643, -61.737), Vector(77.187, 8.543, -66.693), Vector(74.446, 8.173,
			-77.038), Vector(70.078, 7.543, -77.050), Vector(87.488, 13.661, -48.970), Vector(78.362, 13.508, -41.933), Vector(-108.665,
			5.517, -56.816), Vector(-85.631, 9.771, -49.401), Vector(-79.524, 9.771, -56.453));
		Global.Healthkits = Array(Vector(-15.592, 7.550, -45.656), Vector(-44.710, 7.550, -36.331), Vector(-51.284, 7.550, -78.217),
			Vector(-7.861, 7.577, -59.171), Vector(41.102, 7.550, -54.976), Vector(10.151, 7.550, -89.212), Vector(28.624, 5.550, -94.943),
			Vector(28.435, 11.550, -97.503), Vector(96.874, 3.545, -72.593), Vector(86.383, 5.481, -87.425), Vector(114.287, 2.598,
			-22.897), Vector(130.728, 6.523, -19.598), Vector(131.932, 7.550, -28.440), Vector(85.884, 8.550, -47.689));
		Global.ObjectiveA_Nodes = Array(Vector(-81.445, 5.400, -46.866), Vector(-80.617, 5.400, -49.969), Vector(-77.221, 5.400, -51.839),
			Vector(-72.955, 5.400, -52.706), Vector(-68.382, 5.400, -52.767), Vector(-63.633, 5.400, -52.740), Vector(-58.532, 5.400,
			-52.667), Vector(-53.379, 5.930, -52.611), Vector(-48.247, 6.728, -52.611), Vector(-43.193, 7.401, -52.611), Vector(-38.333,
			7.401, -54.048), Vector(-36.342, 7.401, -58.281), Vector(-35.922, 7.403, -63.640), Vector(-35.580, 7.404, -68.740), Vector(
			-35.183, 7.403, -74.017), Vector(-33.500, 7.400, -78.935), Vector(-28.952, 7.400, -81.086), Vector(-23.942, 7.400, -81.377),
			Vector(-18.406, 7.400, -81.344), Vector(-13.242, 7.400, -81.174), Vector(-7.850, 7.400, -80.996), Vector(-3.892, 7.550,
			-80.866), Vector(-78.527, 5.400, -46.204), Vector(-75.693, 5.400, -47.809), Vector(-71.479, 5.400, -49.024), Vector(-66.730,
			5.400, -48.999), Vector(-61.981, 5.400, -48.893), Vector(-57.496, 5.400, -48.837), Vector(-52.789, 6.022, -48.837), Vector(
			-47.831, 6.794, -48.837), Vector(-42.913, 7.402, -48.837), Vector(-38.288, 7.402, -49.011), Vector(-34.792, 7.398, -51.519),
			Vector(-32.705, 7.398, -55.374), Vector(-31.945, 7.398, -60.303), Vector(-31.845, 7.394, -64.792), Vector(-31.729, 7.394,
			-69.102), Vector(-30.787, 7.399, -73.351), Vector(-27.477, 7.399, -75.246), Vector(-22.351, 7.399, -75.786), Vector(-18.065,
			7.401, -75.882), Vector(-13.619, 7.401, -75.980), Vector(-9.334, 7.401, -75.874), Vector(-5.444, 7.550, -75.743), Vector(
			-1.835, 7.550, -75.493), Vector(-1.832, 7.550, -81.167), Vector(1.600, 7.550, -80.647), Vector(5.903, 7.520, -80.775), Vector(
			10.740, 7.529, -80.901), Vector(15.661, 7.537, -81.017), Vector(20.054, 7.425, -79.652), Vector(21.691, 7.517, -75.258),
			Vector(21.852, 7.530, -70.689), Vector(25.914, 7.527, -68.847), Vector(30.560, 7.504, -68.513), Vector(35.042, 7.513, -68.648),
			Vector(38.490, 7.527, -71.419), Vector(38.725, 7.512, -76.194), Vector(38.863, 7.502, -80.908), Vector(41.558, 7.483, -84.290),
			Vector(46.558, 7.506, -84.567), Vector(52.186, 7.508, -84.568), Vector(57.813, 7.419, -84.730), Vector(61.859, 7.438, -84.900),
			Vector(65.868, 7.482, -84.942), Vector(1.510, 7.550, -75.653), Vector(5.550, 7.550, -75.752), Vector(10.123, 7.550, -75.955),
			Vector(14.194, 7.550, -76.194), Vector(17.888, 7.613, -75.713), Vector(18.304, 7.541, -70.985), Vector(19.029, 7.504, -66.490),
			Vector(23.396, 7.527, -65.540), Vector(28.146, 7.527, -65.540), Vector(33.158, 7.529, -65.513), Vector(38.083, 7.530, -65.458),
			Vector(41.107, 7.469, -68.713), Vector(41.335, 7.492, -73.711), Vector(41.471, 7.503, -78.460), Vector(44.660, 7.498, -81.958),
			Vector(50.542, 7.521, -81.651), Vector(55.979, 7.468, -81.286), Vector(60.908, 7.448, -81.211), Vector(65.481, 7.451, -81.211),
			Vector(69.682, 7.594, -85.622), Vector(72.845, 7.053, -85.326), Vector(77.151, 5.619, -85.014), Vector(81.692, 5.545, -83.991),
			Vector(85.965, 5.547, -82.413), Vector(89.763, 5.526, -79.024), Vector(90.866, 5.477, -74.506), Vector(91.737, 5.395, -69.725),
			Vector(92.910, 5.451, -65.140), Vector(94.045, 6.239, -60.661), Vector(95.057, 7.528, -56.218), Vector(95.808, 8.347, -51.920),
			Vector(99.173, 8.518, -49.020), Vector(104.152, 8.569, -48.510), Vector(108.985, 8.578, -48.674), Vector(114.002, 8.593,
			-48.733), Vector(119.048, 8.021, -48.609), Vector(123.849, 7.628, -48.516), Vector(128.510, 7.628, -48.508), Vector(133.083,
			7.628, -48.560), Vector(137.387, 7.628, -48.697), Vector(141.343, 7.613, -48.851), Vector(144.213, 7.666, -46.573), Vector(
			142.179, 7.654, -43.643), Vector(138.926, 7.613, -43.514), Vector(134.540, 7.563, -43.595), Vector(129.791, 7.580, -43.700),
			Vector(125.042, 7.571, -43.805), Vector(120.219, 7.769, -43.888), Vector(115.054, 8.584, -43.945), Vector(109.837, 8.584,
			-44.002), Vector(104.648, 8.574, -44.059), Vector(99.729, 8.552, -44.219), Vector(95.133, 8.550, -46.149), Vector(92.493,
			8.408, -50.563), Vector(91.146, 7.709, -55.569), Vector(89.779, 6.185, -60.751), Vector(88.533, 5.541, -65.633), Vector(87.571,
			5.545, -71.180), Vector(86.845, 5.545, -76.573), Vector(84.104, 5.545, -79.665), Vector(78.872, 5.545, -80.263), Vector(74.126,
			6.624, -80.113), Vector(69.635, 7.593, -79.969));
		Global.ObjectiveB_Nodes = Array();
		Global.Chokepoint = Array();
		Global.Staircase_Top = Array(Vector(-97.085, 11.550, -58.939), Vector(-49.090, 7.550, -36.396), Vector(-49.063, 11.550, -32.836),
			Vector(-15.496, 9.550, -34.887), Vector(-9.568, 12.550, -41.282), Vector(-65.572, 7.550, -66.635), Vector(-66.779, 7.550,
			-69.206), Vector(-19.140, 11.601, -96.556), Vector(-37.444, 11.550, -96.430), Vector(-50.699, 11.550, -92.112), Vector(-21.407,
			13.550, -51.122), Vector(34.055, 13.550, -57.052), Vector(-43.082, 7.550, -45.155), Vector(57.267, 7.550, -75.866), Vector(
			48.646, 7.559, -67.198), Vector(5.419, 13.627, -71.392), Vector(21.913, 11.550, -96.514), Vector(22.842, 7.623, -101.229),
			Vector(39.041, 7.550, -90.819), Vector(42.806, 11.551, -93.428), Vector(64.050, 11.550, -101.008), Vector(65.189, 13.550,
			-92.465), Vector(65.090, 13.551, -77.278), Vector(27.312, 13.550, -74.456), Vector(47.020, 12.550, -68.919), Vector(69.268,
			8.550, -113.890), Vector(81.166, 8.644, -113.470), Vector(93.265, 5.067, -82.888), Vector(97.868, 8.274, -52.864), Vector(
			102.040, 3.770, -65.144), Vector(106.825, 3.397, -36.168), Vector(97.535, 8.485, -43.073), Vector(119.736, 6.496, -21.304),
			Vector(147.394, 10.571, -32.213), Vector(143.635, 10.583, -57.761), Vector(136.608, 13.563, -63.592), Vector(155.362, 12.537,
			-62.507), Vector(155.362, 12.539, -30.490), Vector(92.225, 10.640, -31.772), Vector(82.301, 10.550, -35.136), Vector(85.407,
			13.550, -42.167), Vector(84.763, 10.550, -25.847));
		Global.Staircase_Bottom = Array(Vector(-106.162, 5.550, -67.890), Vector(-49.278, 5.550, -28.857), Vector(-38.677, 7.550, -32.743),
			Vector(-15.434, 7.549, -40.103), Vector(-9.715, 9.550, -34.305), Vector(-65.839, 5.550, -61.462), Vector(-69.807, 5.550,
			-66.207), Vector(-9.707, 7.550, -96.520), Vector(-37.406, 7.549, -87.676), Vector(-44.450, 7.548, -85.975), Vector(-15.749,
			7.577, -64.874), Vector(18.465, 7.550, -56.927), Vector(-48.115, 5.550, -45.138), Vector(57.210, 5.550, -70.815), Vector(
			53.496, 5.550, -67.224), Vector(11.757, 7.550, -61.580), Vector(13.033, 7.550, -96.782), Vector(27.472, 5.550, -101.077),
			Vector(38.733, 5.550, -95.574), Vector(51.968, 7.550, -93.517), Vector(54.810, 7.550, -100.884), Vector(65.213, 11.550,
			-97.574), Vector(75.652, 8.543, -72.904), Vector(27.182, 11.550, -79.863), Vector(47.422, 7.550, -79.808), Vector(69.293,
			6.550, -108.870), Vector(81.096, 6.550, -108.780), Vector(101.834, 3.587, -76.534), Vector(102.155, 3.656, -69.334), Vector(
			105.584, 1.294, -52.031), Vector(106.360, 1.518, -45.279), Vector(104.437, 3.883, -34.519), Vector(114.036, 2.827, -31.435),
			Vector(138.834, 7.549, -32.018), Vector(133.916, 7.548, -57.502), Vector(143.955, 10.569, -63.366), Vector(151.385, 10.625,
			-62.533), Vector(151.179, 10.548, -30.601), Vector(92.099, 8.550, -36.224), Vector(82.263, 8.550, -40.291), Vector(85.378,
			10.550, -35.068), Vector(79.621, 8.550, -25.897));
		Global.Healthkits_Small = Array(Vector(-15.592, 7.550, -45.656), Vector(-44.710, 7.550, -36.331), Vector(-51.284, 7.550, -78.217),
			Vector(10.151, 7.550, -89.212), Vector(28.624, 5.550, -94.943), Vector(28.435, 11.550, -97.503), Vector(86.383, 5.481,
			-87.425), Vector(114.287, 2.598, -22.897), Vector(131.932, 7.550, -28.440), Vector(85.884, 8.550, -47.689));
		Global.Healthkits_Large = Array(Vector(-7.861, 7.577, -59.171), Vector(41.102, 7.550, -54.976), Vector(96.874, 3.545, -72.593),
			Vector(130.728, 6.523, -19.598));
		Global.Staircase_Middle = Array(0, 0, 0, 0, 0, 0, 0, 0, 0, Vector(-49.661, 9.550, -86.498), Vector(-15.976, 12.550, -52.242), 0, 0,
			0, 0, Vector(6.424, 9.550, -61.880), 0, 0, 0, 0, 0, 0, Vector(65.449, 12.550, -73.227), 0, 0, 0, 0, 0, Vector(97.022, 5.083,
			-65.056), Vector(102.220, 2.575, -57.735), 0, Vector(98.423, 5.846, -36.754), Vector(119.191, 3.454, -31.437), 0, 0, 0, 0, 0,
			0, 0, 0, 0);
		Global.Jump_Start = Array();
		Global.Jump_End = Array();
	}
