	actions
	{
		Global.Path_Nodes = Array(Vector(65.355, 15.510, -79.231), Vector(54.037, 10.658, -64.396), Vector(51.267, 10.550, -85.200),
			Vector(57.519, 10.550, -88.405), Vector(59.710, 10.550, -78.316), Vector(63.226, 13.550, -64.733), Vector(45.345, 17.550,
			-70.797), Vector(44.998, 17.550, -77.319), Vector(41.930, 17.560, -80.075), Vector(20.274, 16.531, -86.297), Vector(18.925,
			16.523, -96.907), Vector(33.421, 16.558, -97.905), Vector(33.018, 16.758, -89.582), Vector(25.258, 11.664, -91.262), Vector(
			39.271, 10.360, -93.485), Vector(36.452, 10.501, -85.266), Vector(33.091, 10.408, -101.243), Vector(12.539, 8.537, -96.724),
			Vector(16.853, 8.881, -87.769), Vector(3.011, 8.423, -97.359), Vector(-3.126, 8.737, -91.768), Vector(-0.577, 8.570, -84.938),
			Vector(3.280, 8.570, -80.607), Vector(9.395, 8.570, -85.396), Vector(-5.113, 8.570, -79.192), Vector(-1.449, 8.556, -73.119),
			Vector(5.571, 8.551, -77.493), Vector(-1.073, 8.551, -68.574), Vector(-4.676, 8.755, -69.938), Vector(10.490, 12.568, -36.143),
			Vector(9.092, 12.591, -33.693), Vector(15.559, 12.500, -41.724), Vector(0.843, 12.613, -42.537), Vector(10.601, 12.500,
			-49.642), Vector(-3.027, 12.617, -63.756), Vector(3.327, 14.051, -79.635), Vector(6.754, 14.051, -83.343), Vector(1.804,
			14.051, -85.088), Vector(12.215, 14.051, -86.162), Vector(9.693, 13.787, -73.862), Vector(18.268, 14.657, -65.055), Vector(
			21.177, 14.657, -54.993), Vector(25.902, 14.657, -58.610), Vector(30.883, 14.657, -59.550), Vector(27.397, 14.657, -68.750),
			Vector(22.746, 14.550, -61.280), Vector(24.662, 10.550, -61.221), Vector(26.651, 10.314, -56.256), Vector(34.293, 10.448,
			-58.204), Vector(31.448, 10.509, -64.029), Vector(37.593, 10.480, -54.271), Vector(41.807, 11.033, -58.602), Vector(-39.257,
			5.821, -11.533), Vector(-46.272, 5.821, -12.402), Vector(-44.504, 5.816, -17.072), Vector(-38.094, 5.588, -15.976), Vector(
			-26.193, 14.309, -64.672), Vector(-28.708, 14.032, -68.334), Vector(-31.935, 14.074, -73.677), Vector(-35.784, 14.030,
			-63.390), Vector(-33.866, 14.008, -60.023), Vector(-45.655, 14.055, -65.227), Vector(-45.254, 14.041, -69.936), Vector(-39.994,
			14.527, -56.441), Vector(-16.534, 7.143, -51.295), Vector(-11.238, 7.299, -46.290), Vector(-13.720, 8.607, -62.398), Vector(
			-8.042, 8.607, -62.633), Vector(-2.704, 8.607, -55.874), Vector(14.046, 8.444, -54.995), Vector(18.829, 8.556, -50.565),
			Vector(17.264, 8.352, -45.139), Vector(11.397, 8.540, -40.293), Vector(6.098, 8.557, -45.349), Vector(21.904, 8.401, -38.567),
			Vector(15.581, 8.148, -31.449), Vector(10.143, 8.185, -29.953), Vector(4.341, 8.268, -33.595), Vector(0.057, 7.307, -30.742),
			Vector(-0.956, 7.984, -36.420), Vector(-5.572, 7.045, -34.362), Vector(-6.837, 6.434, -28.669), Vector(-11.653, 6.668,
			-30.410), Vector(-13.271, 6.600, -25.698), Vector(-16.945, 6.623, -29.813), Vector(-20.795, 6.281, -23.318), Vector(-23.017,
			6.530, -30.437), Vector(-29.200, 6.045, -26.777), Vector(-30.222, 5.758, -21.313), Vector(-29.259, 5.535, -14.136), Vector(
			-28.743, 5.624, -7.067), Vector(-36.248, 5.819, -24.854), Vector(-43.394, 6.169, -25.724), Vector(-48.962, 6.555, -26.080),
			Vector(-41.580, 6.062, -32.623), Vector(-35.073, 6.183, -33.718), Vector(-28.357, 6.399, -32.167), Vector(-30.912, 6.359,
			-38.162), Vector(-38.868, 6.150, -40.215), Vector(-45.774, 5.952, -41.195), Vector(-40.789, 6.028, -46.238), Vector(-48.923,
			5.946, -44.325), Vector(-51.811, 6.064, -49.151), Vector(-26.885, 6.263, -64.834), Vector(-29.891, 6.030, -69.106), Vector(
			-25.210, 6.030, -68.606), Vector(-18.542, 6.031, -72.291), Vector(-14.724, 8.030, -85.847), Vector(-11.371, 8.030, -93.894),
			Vector(-15.926, 8.030, -100.990), Vector(-20.739, 8.034, -97.953), Vector(-34.621, 3.030, -134.248), Vector(-42.082, 3.058,
			-133.626), Vector(-42.271, 14.077, -80.354), Vector(-47.438, 14.092, -88.366), Vector(-38.973, 15.056, -93.173), Vector(
			-30.585, 15.032, -98.784), Vector(-25.132, 15.032, -102.126), Vector(-24.336, 15.030, -107.540), Vector(-30.501, 15.030,
			-115.698), Vector(-36.608, 15.137, -119.774), Vector(-44.066, 15.068, -117.402), Vector(-46.102, 15.068, -112.625), Vector(
			-52.407, 15.118, -115.090), Vector(-59.803, 16.030, -113.457), Vector(-59.026, 16.263, -109.552), Vector(-20.002, 15.030,
			-100.059), Vector(-17.903, 15.030, -95.630), Vector(-21.639, 15.054, -90.517), Vector(-49.130, 6.064, -60.328), Vector(-50.867,
			6.064, -64.220), Vector(-52.552, 6.064, -70.005), Vector(-52.977, 6.032, -76.822), Vector(-42.294, 6.032, -83.618), Vector(
			-61.866, 14.922, -147.387), Vector(-66.724, 14.922, -144.229), Vector(-67.482, 14.922, -148.411), Vector(-76.261, 15.040,
			-144.734), Vector(-82.526, 15.040, -148.411), Vector(-86.375, 15.040, -142.380), Vector(-80.053, 15.040, -138.269), Vector(
			-94.348, 14.920, -135.576), Vector(-95.857, 14.920, -142.126), Vector(-88.359, 14.995, -156.438), Vector(-80.841, 14.995,
			-157.759), Vector(-81.965, 12.795, -132.456), Vector(-76.476, 12.959, -133.340), Vector(-78.635, 5.210, -130.831), Vector(
			-79.922, 5.050, -135.112), Vector(-101.421, 13.987, -162.213), Vector(-105.820, 13.987, -153.916), Vector(-101.038, 14.153,
			-151.296), Vector(-110.525, 13.987, -147.848), Vector(-109.954, 13.987, -142.783), Vector(-106.890, 13.987, -136.226), Vector(
			-101.113, 14.591, -137.677), Vector(-88.310, 8.987, -99.070), Vector(-77.306, 7.987, -106.053), Vector(-79.694, 7.987,
			-118.825), Vector(-106.559, 7.987, -107.931), Vector(-108.745, 7.987, -118.025), Vector(-111.829, 7.987, -126.705), Vector(
			-110.751, 8.218, -130.713), Vector(-108.959, 7.987, -135.129), Vector(-103.070, 8.218, -136.604), Vector(-113.837, 7.987,
			-106.065), Vector(-109.283, 11.987, -91.285), Vector(-100.686, 11.987, -93.113), Vector(-98.401, 11.737, -83.688), Vector(
			-93.739, 11.741, -80.996), Vector(-91.769, 11.737, -85.903), Vector(-93.213, 11.987, -95.028), Vector(-92.993, 8.987,
			-185.128), Vector(-85.313, 9.170, -182.330), Vector(-81.704, 8.987, -178.545), Vector(-79.828, 8.987, -171.896), Vector(
			-99.899, 8.987, -180.500), Vector(-97.940, 8.987, -170.056), Vector(-96.285, 8.987, -162.849), Vector(-86.760, 8.985,
			-163.207), Vector(-80.936, 8.985, -166.465), Vector(-73.539, 9.155, -165.677), Vector(-62.339, 8.970, -164.759), Vector(
			-57.396, 8.970, -156.104), Vector(-64.298, 9.213, -99.182), Vector(-68.331, 8.981, -102.686), Vector(-70.807, 8.981, -113.363),
			Vector(-67.358, 9.213, -118.304), Vector(-60.243, 8.996, -92.751), Vector(-53.302, 8.988, -93.055), Vector(-57.300, 9.223,
			-87.542), Vector(-53.462, 9.058, -86.192), Vector(-44.460, 9.277, -93.825), Vector(-43.608, 9.032, -90.304), Vector(-65.843,
			11.032, -78.883), Vector(-69.913, 11.468, -75.137), Vector(-68.299, 12.030, -70.509), Vector(-53.776, 12.030, -73.360), Vector(
			-60.897, 12.030, -71.758), Vector(-63.334, 12.032, -63.931), Vector(-47.521, 8.997, -110.364), Vector(-40.568, 8.748,
			-112.599), Vector(-49.748, 8.922, -115.642), Vector(-50.791, 8.920, -123.300), Vector(-55.319, 8.925, -128.999), Vector(
			-67.218, 14.151, -118.209), Vector(-70.914, 13.981, -114.897), Vector(-72.538, 13.981, -108.094), Vector(-70.230, 13.981,
			-101.030), Vector(-65.146, 13.833, -103.267), Vector(-55.513, 14.030, -86.161), Vector(-56.967, 13.983, -90.734), Vector(
			-53.355, 13.983, -92.871), Vector(-63.203, 13.981, -90.988), Vector(-65.137, 14.066, -94.667));
		Global.Healthkits = Array(Vector(-9.312, 8.607, -66.112), Vector(8.910, 8.583, -35.734), Vector(0.754, 8.570, -82.368), Vector(
			-25.146, 6.522, -34.392), Vector(-21.914, 8.030, -104.845), Vector(-16.253, 15.030, -94.302), Vector(-38.819, 6.030, -86.015),
			Vector(-50.753, 8.920, -133.182), Vector(-78.151, 5.100, -129.274), Vector(-109.884, 7.987, -139.071), Vector(-76.060, 8.987,
			-168.462), Vector(-73.655, 8.981, -112.986), Vector(-41.843, 9.030, -88.021));
		Global.ObjectiveA_Nodes = Array(Vector(27.814, 10.580, -78.051), Vector(31.903, 10.542, -78.693), Vector(24.619, 10.165, -77.946),
			Vector(22.238, 9.286, -77.836), Vector(19.889, 8.662, -77.685), Vector(16.878, 8.588, -77.184), Vector(13.569, 8.395, -76.192),
			Vector(10.063, 8.378, -74.920), Vector(10.352, 8.546, -70.860), Vector(9.468, 8.569, -67.688), Vector(8.711, 8.463, -63.798),
			Vector(8.439, 8.376, -59.982), Vector(8.795, 8.461, -55.958), Vector(6.954, 8.426, -52.663), Vector(4.310, 8.296, -50.369),
			Vector(1.604, 8.287, -47.927), Vector(-1.085, 8.301, -45.573), Vector(-4.642, 7.984, -44.096), Vector(-7.031, 7.322, -41.656),
			Vector(-9.834, 6.639, -39.358), Vector(-12.818, 6.422, -38.039), Vector(-16.188, 6.160, -38.403), Vector(-19.796, 6.117,
			-38.740), Vector(-22.363, 6.080, -39.653), Vector(-25.139, 6.065, -41.106), Vector(-28.344, 5.980, -43.191), Vector(-30.706,
			5.978, -45.267), Vector(-33.199, 5.990, -46.964), Vector(-35.437, 5.979, -50.103), Vector(-37.546, 5.985, -52.431), Vector(
			-39.585, 5.980, -55.867), Vector(34.828, 10.500, -80.771), Vector(34.060, 10.461, -83.920), Vector(31.100, 10.589, -85.518),
			Vector(27.921, 10.629, -84.573), Vector(24.989, 10.499, -83.924), Vector(22.811, 9.779, -83.006), Vector(19.696, 8.578,
			-82.063), Vector(16.947, 8.529, -81.315), Vector(13.999, 8.586, -80.715), Vector(12.010, 8.594, -79.186), Vector(9.626, 8.557,
			-77.487), Vector(7.707, 8.555, -75.636), Vector(5.892, 8.553, -73.749), Vector(4.524, 8.551, -71.636), Vector(3.597, 8.551,
			-68.860), Vector(2.989, 8.551, -66.280), Vector(3.641, 8.551, -63.385), Vector(4.618, 8.555, -60.451), Vector(5.355, 8.561,
			-58.941), Vector(5.688, 8.395, -55.497), Vector(2.813, 8.483, -53.565), Vector(0.854, 8.427, -51.610), Vector(-1.520, 8.351,
			-49.821), Vector(-3.848, 8.399, -47.800), Vector(-6.087, 8.231, -46.591), Vector(-8.768, 7.614, -44.868), Vector(-11.064,
			6.865, -43.044), Vector(-13.659, 6.474, -43.004), Vector(-16.878, 6.158, -43.345), Vector(-20.139, 6.026, -45.215), Vector(
			-23.306, 6.008, -47.534), Vector(-25.651, 5.999, -49.306), Vector(-27.840, 5.979, -50.981), Vector(-30.216, 5.979, -52.801),
			Vector(-32.529, 5.979, -55.364), Vector(-34.232, 5.979, -57.751), Vector(-41.430, 6.237, -59.303), Vector(-42.914, 6.237,
			-61.937), Vector(-44.160, 5.962, -64.388), Vector(-45.566, 5.894, -67.189), Vector(-47.010, 5.899, -70.073), Vector(-45.770,
			5.899, -73.622), Vector(-43.036, 5.899, -75.161), Vector(-40.192, 6.037, -76.701), Vector(-37.208, 6.566, -78.415), Vector(
			-35.494, 6.932, -79.681), Vector(-32.812, 7.465, -81.431), Vector(-30.952, 7.783, -83.163), Vector(-28.437, 7.850, -85.097),
			Vector(-28.471, 7.850, -88.379), Vector(-29.369, 7.848, -91.633), Vector(-31.363, 7.829, -94.416), Vector(-33.071, 7.786,
			-97.700), Vector(-35.310, 7.788, -100.428), Vector(-38.708, 8.029, -101.362), Vector(-42.555, 8.805, -100.647), Vector(-46.538,
			8.820, -98.773), Vector(-50.540, 8.816, -97.168), Vector(-54.208, 8.816, -96.844), Vector(-58.040, 8.820, -98.468), Vector(
			-60.459, 8.842, -101.549), Vector(-61.488, 8.860, -105.271), Vector(-62.007, 8.874, -107.854), Vector(-36.658, 6.235, -62.884),
			Vector(-37.973, 6.235, -65.227), Vector(-39.457, 5.857, -67.798), Vector(-40.502, 5.893, -70.341), Vector(-39.454, 5.900,
			-73.104), Vector(-36.112, 6.294, -74.741), Vector(-33.123, 6.863, -75.852), Vector(-30.491, 7.417, -77.198), Vector(-27.500,
			7.737, -78.634), Vector(-25.418, 7.840, -80.686), Vector(-23.397, 7.855, -84.168), Vector(-22.470, 7.851, -88.528), Vector(
			-23.333, 7.980, -92.877), Vector(-25.141, 7.981, -96.599), Vector(-27.051, 7.986, -100.173), Vector(-29.229, 7.978, -103.472),
			Vector(-32.109, 7.855, -105.905), Vector(-35.429, 7.939, -107.440), Vector(-39.158, 8.279, -107.684), Vector(-42.854, 8.707,
			-106.618), Vector(-46.342, 8.820, -105.426), Vector(-49.748, 8.830, -104.249), Vector(-53.279, 8.828, -103.789), Vector(
			-54.929, 8.993, -106.210), Vector(-55.360, 9.016, -109.415), Vector(-56.332, 9.055, -113.210), Vector(-57.070, 9.055,
			-116.036), Vector(-57.860, 9.012, -119.092), Vector(-58.548, 8.890, -121.946), Vector(-59.310, 8.860, -125.500), Vector(
			-59.900, 8.663, -128.935), Vector(-60.588, 8.089, -132.243), Vector(-61.260, 7.904, -135.412), Vector(-62.020, 7.912,
			-138.933), Vector(-62.763, 7.900, -142.375), Vector(-63.413, 7.907, -145.388), Vector(-64.082, 7.907, -148.486), Vector(
			-65.532, 7.828, -151.655), Vector(-67.462, 7.821, -154.043), Vector(-70.006, 7.807, -155.918), Vector(-72.930, 7.838,
			-157.119), Vector(-76.261, 7.738, -157.299), Vector(-79.382, 7.738, -156.764), Vector(-82.824, 7.733, -156.022), Vector(
			-86.095, 7.742, -155.354), Vector(-89.193, 7.738, -154.720), Vector(-91.933, 7.771, -154.093), Vector(-95.056, 7.733,
			-152.335), Vector(-97.273, 7.745, -150.088), Vector(-99.020, 7.738, -147.344), Vector(-99.603, 7.701, -144.055), Vector(
			-99.555, 7.685, -140.800), Vector(-98.924, 7.519, -137.360), Vector(-98.173, 6.960, -133.960), Vector(-97.457, 6.880,
			-130.558), Vector(-96.971, 6.920, -127.255), Vector(-96.482, 6.920, -123.860), Vector(-95.962, 6.981, -120.557), Vector(
			-95.469, 6.981, -117.424), Vector(-93.866, 6.920, -114.345), Vector(-62.998, 9.055, -112.165), Vector(-63.561, 9.055,
			-114.953), Vector(-64.060, 8.911, -117.588), Vector(-64.634, 8.754, -120.429), Vector(-65.356, 8.755, -123.785), Vector(
			-66.181, 8.456, -127.635), Vector(-66.920, 7.798, -131.199), Vector(-67.746, 7.696, -135.063), Vector(-68.562, 7.695,
			-138.850), Vector(-69.263, 7.695, -142.120), Vector(-70.115, 7.697, -146.078), Vector(-71.997, 7.725, -149.466), Vector(
			-75.298, 7.793, -150.798), Vector(-78.939, 7.693, -150.631), Vector(-82.669, 7.637, -149.951), Vector(-86.718, 7.675,
			-149.086), Vector(-90.529, 7.681, -148.019), Vector(-93.209, 7.723, -144.906), Vector(-93.504, 7.696, -140.979), Vector(
			-92.893, 7.182, -136.923), Vector(-92.232, 6.707, -133.072), Vector(-91.651, 6.921, -129.650), Vector(-91.020, 6.921,
			-126.187), Vector(-90.320, 6.921, -122.571), Vector(-89.915, 6.920, -115.741), Vector(-89.353, 6.983, -119.724));
		Global.ObjectiveB_Nodes = Array();
		Global.Chokepoint = Array();
		Global.Staircase_Top = Array(Vector(69.425, 13.550, -67.106), Vector(47.542, 17.550, -63.583), Vector(47.820, 11.550, -70.031),
			Vector(45.465, 11.550, -81.574), Vector(50.979, 11.550, -93.762), Vector(48.771, 11.579, -93.706), Vector(39.714, 11.550,
			-76.404), Vector(40.468, 11.550, -79.276), Vector(41.025, 11.555, -69.630), Vector(40.642, 11.550, -63.244), Vector(16.463,
			14.670, -68), Vector(-2.390, 14.053, -87.547), Vector(25.014, 11.664, -94.898), Vector(25.240, 11.664, -88.926), Vector(31.802,
			11.651, -92.593), Vector(-18.471, 8.054, -67.697), Vector(-9.719, 12.369, -70.263), Vector(-8.405, 12.326, -50.181), Vector(
			3.279, 13.796, -54.430), Vector(5.813, 13.797, -51.656), Vector(11.984, 12.459, -34.563), Vector(-3.812, 14.051, -75.120),
			Vector(19.574, 10.550, -62.632), Vector(7.565, 7.959, -28.069), Vector(10.464, 7.632, -24.472), Vector(-22.500, 5.493,
			-10.755), Vector(-24.021, 5.505, -15.745), Vector(-48.731, 11.038, -39.247), Vector(-51.400, 12.030, -49.316), Vector(-43.098,
			14.030, -59.534), Vector(-21.692, 12.561, -75.563), Vector(-27.323, 14.032, -72.099), Vector(-25.393, 14.030, -69.581), Vector(
			-25.764, 7.848, -76.499), Vector(-15.434, 8.030, -80.613), Vector(-19.099, 8.058, -109.405), Vector(-25.442, 6.030, -119.723),
			Vector(-25.432, 15.032, -110.986), Vector(-41.033, 9.057, -117.053), Vector(-28.379, 14.973, -106.248), Vector(-43.093, 14.092,
			-84.506), Vector(-39.426, 15.068, -121.749), Vector(-62.967, 16.030, -112.573), Vector(-55.781, 14.921, -148.058), Vector(
			-79.546, 8.987, -162.292), Vector(-91.053, 8.987, -159.824), Vector(-97.986, 13.987, -167.932), Vector(-58.129, 8.920,
			-147.371), Vector(-69.513, 7.880, -136.871), Vector(-68.719, 7.889, -133.710), Vector(-88.806, 6.920, -129.582), Vector(
			-89.675, 6.920, -132.496), Vector(-112.791, 14.218, -142.473), Vector(-105.086, 7.987, -126.013), Vector(-101.736, 7.987,
			-109.992), Vector(-81.571, 7.987, -114.252), Vector(-83.214, 7.988, -122.150), Vector(-89.190, 7.987, -107.789), Vector(
			-92.641, 7.987, -107.331), Vector(-85.279, 8.988, -101.578), Vector(-92.308, 8.987, -100.145), Vector(-111.320, 12.218,
			-92.471), Vector(-86.274, 11.987, -95.863), Vector(-73.720, 13.981, -113.723), Vector(-69.210, 13.981, -93.655), Vector(
			-54.659, 12.030, -76.467));
		Global.Staircase_Bottom = Array(Vector(69.013, 10.550, -74.179), Vector(57.421, 13.631, -64.327), Vector(51.481, 10.550, -70.465),
			Vector(45.521, 10.550, -84.850), Vector(55.031, 10.563, -94.206), Vector(45.247, 10.553, -93.742), Vector(36.623, 10.457,
			-76.065), Vector(39.399, 10.516, -82.354), Vector(38.187, 10.691, -69.577), Vector(38.187, 10.523, -63.043), Vector(27.337,
			10.623, -71.889), Vector(6.511, 8.631, -94.596), Vector(17.825, 8.608, -99.905), Vector(25.312, 10.584, -84.550), Vector(
			35.689, 10.483, -93.034), Vector(-23.868, 6.162, -63.586), Vector(-22.548, 6.224, -60.621), Vector(-21.744, 6.232, -56.853),
			Vector(1.111, 12.758, -56.677), Vector(8.373, 12.523, -48.890), Vector(18.606, 8.432, -40.914), Vector(-3.765, 12.043,
			-71.646), Vector(15.903, 9.358, -61.407), Vector(-5.432, 3.060, -20.441), Vector(-2.616, 3.312, -16.585), Vector(-7.317, 2.967,
			-14.501), Vector(-9.279, 3.031, -19.938), Vector(-49.461, 6.716, -29.082), Vector(-46.995, 11.038, -48.057), Vector(-49.849,
			12.030, -55.941), Vector(-18.974, 8.010, -85.610), Vector(-25.098, 12.561, -73.936), Vector(-21.739, 12.561, -72.117), Vector(
			-22.357, 6.030, -70.853), Vector(-16.714, 6.030, -76.035), Vector(-21.633, 6.030, -113.231), Vector(-29.062, 3.030, -126.157),
			Vector(-12.382, 8.032, -106.676), Vector(-48.713, 3.032, -129.043), Vector(-37.652, 8.729, -115.088), Vector(-39.293, 9.032,
			-93.905), Vector(-49.468, 9.104, -129.032), Vector(-69.067, 13.981, -111.153), Vector(-52.687, 8.922, -133.493), Vector(
			-78.621, 7.880, -158.157), Vector(-90.089, 7.906, -155.769), Vector(-85.572, 8.987, -170.522), Vector(-62.266, 7.920,
			-146.462), Vector(-75.133, 5.021, -135.506), Vector(-74.565, 4.986, -132.305), Vector(-84.941, 4.981, -130.460), Vector(
			-85.348, 4.910, -133.436), Vector(-115.016, 8.218, -129.610), Vector(-102.064, 6.920, -126.591), Vector(-98.345, 6.922,
			-110.711), Vector(-84.544, 6.922, -113.497), Vector(-86.797, 6.920, -121.127), Vector(-89.953, 6.920, -111.319), Vector(
			-93.250, 6.922, -109.938), Vector(-86.010, 7.987, -104.520), Vector(-92.896, 7.987, -103.323), Vector(-113.342, 7.987,
			-102.940), Vector(-76.583, 7.987, -98.021), Vector(-68.450, 9.213, -124.272), Vector(-60.423, 9.058, -84.248), Vector(-55.528,
			9.539, -81.899));
		Global.Healthkits_Small = Array(Vector(8.910, 8.583, -35.734), Vector(-25.146, 6.522, -34.392), Vector(-16.253, 15.030, -94.302),
			Vector(-50.753, 8.920, -133.182), Vector(-109.884, 7.987, -139.071));
		Global.Healthkits_Large = Array(Vector(-9.312, 8.607, -66.112), Vector(0.754, 8.570, -82.368), Vector(-21.914, 8.030, -104.845),
			Vector(-38.819, 6.030, -86.015), Vector(-78.151, 5.100, -129.274), Vector(-76.060, 8.987, -168.462), Vector(-73.655, 8.981,
			-112.986), Vector(-41.843, 9.030, -88.021));
		Global.Staircase_Middle = Array(0, 0, 0, 0, 0, 0, 0, 0, 0, 0, 0, 0, Vector(24.791, 10.514, -100.028), 0, 0, 0, Vector(-18.598,
			7.719, -62.575), Vector(-16.497, 8.051, -59.447), 0, 0, 0, Vector(-2.627, 12.937, -73.210), 0, 0, 0, 0, 0, 0, 0, 0, 0, 0, 0, 0,
			0, 0, 0, Vector(-18.325, 12.030, -114.958), 0, 0, Vector(-36.557, 11.030, -89.116), Vector(-41.133, 11.920, -129.894), 0, 0, 0,
			0, 0, 0, 0, 0, 0, 0, Vector(-117.083, 12.987, -140.281), 0, 0, 0, 0, 0, 0, 0, 0, 0, 0, Vector(-75.518, 10.981, -122.579),
			Vector(-67.439, 10.987, -84.340), 0);
		Global.Jump_Start = Array(Vector(-9.147, 12.369, -71.123));
		Global.Jump_End = Array(Vector(-7.744, 12.379, -71.287));
	}
