	actions
	{
		Global.Path_Nodes = Array(Vector(134.723, 0.310, -21.046), Vector(143.900, 0.310, -29.784), Vector(152.871, 0.310, -21.221),
			Vector(144.041, 0.310, -12.479), Vector(123.624, 0.312, -21.538), Vector(113.257, 0.300, -20.648), Vector(119.152, 1.310,
			-6.583), Vector(111.638, 1.310, -5.133), Vector(111.595, 0.801, -8.297), Vector(110.426, 0.300, -12.786), Vector(123.987,
			0.827, -11.965), Vector(119.813, 0.725, -12.169), Vector(111.745, 7.300, -8.753), Vector(109.555, 7.305, -11.551), Vector(
			112.250, 7.300, -14.369), Vector(112.182, 7.300, -26.291), Vector(109.529, 7.305, -29.553), Vector(112.115, 7.300, -33.024),
			Vector(105.170, 7.305, -30.625), Vector(102.237, 7.300, -33.491), Vector(98.834, 7.305, -30.903), Vector(123.993, 0.708,
			-29.797), Vector(119.997, 0.813, -30.006), Vector(119.056, 1.310, -36.579), Vector(112.081, 1.300, -36.936), Vector(111.880,
			0.588, -31.294), Vector(110.354, 0.300, -28.807), Vector(104.805, 0.728, -31.558), Vector(103.534, 0.300, -28.060), Vector(
			98.287, 0.300, -28.333), Vector(99.598, 0.821, -31.738), Vector(99.610, 1.300, -36.794), Vector(104.237, 1.300, -37.990),
			Vector(108.041, 0.878, -31.845), Vector(107.655, 1.300, -36.650), Vector(99.894, 1.300, -42.359), Vector(99.047, 1.300,
			-49.371), Vector(93.800, 2.002, -50.437), Vector(88.088, 1.926, -50.561), Vector(78.149, 1.152, -49.272), Vector(68.892, 1.151,
			-47.605), Vector(79.046, 5.300, -28.806), Vector(79.267, 5.299, -25.483), Vector(75.224, 5.299, -23.985), Vector(85.933, 5.299,
			-25.194), Vector(84.693, 5.299, -34.751), Vector(50.587, 6.300, -29.502), Vector(59.762, 6.300, -29.875), Vector(58.992, 6.298,
			-22.505), Vector(67.769, 6.300, -31.818), Vector(68.069, 6.300, -26.099), Vector(62.910, 6.300, -23.239), Vector(62.925, 6.300,
			-29.252), Vector(54.210, 6.300, -40.665), Vector(64.633, 6.300, -40.805), Vector(62.376, 6.300, -40.034), Vector(59.218, 6.300,
			-39.714), Vector(55.247, 6.300, -33.366), Vector(48.856, 6.300, -34.691), Vector(44.214, 7.300, -43.267), Vector(44.373, 7.310,
			-54.603), Vector(41.956, 7.300, -48.439), Vector(42.048, 7.300, -51.598), Vector(38.167, 7.300, -54.206), Vector(37.983, 7.300,
			-64.126), Vector(33.832, 7.300, -66.753), Vector(42.214, 7.300, -66.707), Vector(42.129, 7.300, -70.152), Vector(33.520, 7.310,
			-70.251), Vector(38.185, 7.300, -68.659), Vector(33.787, 7.300, -77.690), Vector(33.767, 7.300, -86.256), Vector(37.257, 7.300,
			-80.495), Vector(50.892, 6.005, -85.934), Vector(69.688, 1.300, -79.155), Vector(69.868, 1.300, -74.090), Vector(71.088, 1.300,
			-57.256), Vector(72.442, 1.300, -67.181), Vector(64.903, 1.300, -73.419), Vector(67.404, 1.300, -57.021), Vector(61.846, 2.171,
			-57.092), Vector(59.238, 2.173, -53.132), Vector(56.866, 2.169, -55.586), Vector(58.843, 2.171, -58.732), Vector(58.535, 1.300,
			-62.845), Vector(59.829, 1.298, -49.107), Vector(67.094, 1.300, -50.198), Vector(58.060, 1.300, -68.952), Vector(63.255, 1.300,
			-69.504), Vector(64.598, 1.300, -63.219), Vector(53.017, 1.300, -72.177), Vector(53.968, 5.350, -83.980), Vector(53.952, 5.360,
			-88.535), Vector(53.729, 1.300, -80.365), Vector(54.097, 0.818, -89.342), Vector(46.841, 0.300, -92.206), Vector(40.836, 0.300,
			-93.235), Vector(31.548, 0.300, -92.398), Vector(32.304, 0.533, -86.114), Vector(36.199, 1.300, -85.597), Vector(37.994, 1.300,
			-75.761), Vector(31.466, 0.893, -77.124), Vector(38.229, 1.300, -61.337), Vector(44.015, 1.303, -49.897), Vector(39.550, 1.300,
			-53.943), Vector(62.452, 0.300, -30.590), Vector(62.831, 0.300, -27.385), Vector(62.856, 0.300, -24.509), Vector(63.172, 0.300,
			-21.356), Vector(56.229, 0.852, -29.939), Vector(50.670, 1.300, -30.302), Vector(51.267, 1.311, -36.215), Vector(45.098, 2.200,
			-36.327), Vector(46.550, 0.300, -11.404), Vector(61.061, 0.300, -11.702), Vector(60.602, 0.301, -16.138), Vector(73.478, 5.509,
			-17.134), Vector(83.778, 5.308, -16.026), Vector(78.003, 5.308, -12.703), Vector(50.693, 0.924, 1.283), Vector(52.104, 0.799,
			-6.099), Vector(54.217, 0.300, -10.906), Vector(37.327, 2.446, -28.809), Vector(37.485, 2.350, -35.228), Vector(31.571, 2.200,
			-40.727), Vector(31.848, 1.539, -47.796), Vector(31.583, 1.300, -61.311), Vector(31.687, 1.300, -52.949), Vector(69.966, 0.300,
			-11.004), Vector(69.932, 0.300, -15.036), Vector(75.849, 0.310, -14.109), Vector(75.826, 0.310, -11.130), Vector(78.370, 0.310,
			-14.210), Vector(81.518, 0.310, -14.134), Vector(78.679, 0.310, -9.034), Vector(80.847, 0.300, -0.760), Vector(88.365, 1.183,
			-0.175), Vector(96.167, 0.300, -0.076), Vector(106.045, 0.300, 0.055), Vector(107.368, 0.300, -8.370), Vector(106.998, 0.300,
			-15.548), Vector(79.145, 0.300, -27.094), Vector(78.404, 0.301, -31.048), Vector(74.616, 0.301, -30.559), Vector(45.198, 1.300,
			-53.280), Vector(46.887, 1.300, -45.125), Vector(44.161, 1.300, -60.264), Vector(0.995, 1.300, -85.766), Vector(5.948, 1.300,
			-80.581), Vector(9.290, 1.300, -85.468), Vector(5.321, 1.300, -89.745), Vector(-9.909, 7.301, -73.823), Vector(-0.223, 7.301,
			-72.337), Vector(-0.226, 7.301, -51.123), Vector(-2.098, 7.300, -47.613), Vector(-2.167, 7.300, -42.041), Vector(-4.315, 7.348,
			-41.886), Vector(0.418, 7.358, -42.064), Vector(0.893, 5.300, -33.792), Vector(2.461, 5.300, -36.178), Vector(6.045, 5.300,
			-36.192), Vector(9.482, 5.300, -36.166), Vector(13.782, 5.300, -34.014), Vector(-7.006, 7.310, -53.355), Vector(-2.321, 7.310,
			-61.457), Vector(2.433, 7.295, -69.584), Vector(2.613, 7.305, -54.366), Vector(-15.931, 7.296, -47.625), Vector(-16.583, 7.296,
			-52.868), Vector(-3.195, 1.300, -61.860), Vector(-9.972, 1.300, -57.453), Vector(-7.070, 1.300, -49.464), Vector(2.592, 1.300,
			-61.845), Vector(-5.441, 1.300, -66.383), Vector(-2.015, 1.300, -71.804), Vector(0.905, 1.300, -68.014), Vector(-5.739, 1.300,
			-57.044), Vector(-0.351, 1.300, -53.866), Vector(-13.856, 0.300, -50.124), Vector(-14.121, 0.300, -54.188), Vector(-12.139,
			0.300, -37.442), Vector(-23.094, 0.300, -38.825), Vector(-18.704, 0.300, -34.388), Vector(-11.639, 0.324, -28.148), Vector(
			-26.076, 0.300, -31.734), Vector(-33.356, 0.300, -33.769), Vector(-32.269, -0.200, -39.376), Vector(-26.688, -0.200, -43.578),
			Vector(-27.830, -0.200, -40.023), Vector(-26.843, -0.200, -48.259), Vector(-27.005, -0.200, -53.253), Vector(-27.319, -0.200,
			-58.866), Vector(-37.495, -0.200, -58.835), Vector(-41.843, 0.300, -58.769), Vector(-41.821, 0.300, -66.518), Vector(-42.161,
			0.300, -72.452), Vector(-55.219, 0.300, -59.406), Vector(-48.827, 0.300, -60.583), Vector(-53.076, 0.300, -65.920), Vector(
			-49.094, 0.300, -71.223), Vector(-32.344, -0.434, -46.395), Vector(-33.502, -0.887, -53.390), Vector(-14.355, 0.891, -75.691),
			Vector(-19.713, 0.300, -73.152), Vector(-19.738, 0.300, -77.997), Vector(-28.526, 0.300, -79.048), Vector(-28.747, 0.300,
			-84.154), Vector(-29.588, 3.300, -100.533), Vector(-29.017, 6.300, -79.066), Vector(-35.886, 6.300, -79.071), Vector(-35.874,
			6.299, -75.658), Vector(-35.978, 6.310, -82.657), Vector(-36.787, 3.300, -107.187), Vector(-45.513, 3.300, -106.871), Vector(
			-47.541, 3.446, -112.291), Vector(-45.699, 4.340, -118.861), Vector(-50.471, 3.300, -110.560), Vector(-62.675, 3.300,
			-110.187), Vector(-37.645, -0.700, -127.452), Vector(-40.669, -0.700, -132.019), Vector(-44.167, -0.700, -127.905), Vector(
			-66.781, -0.700, -127.904), Vector(-54.371, -0.700, -127.919), Vector(-49.169, 4.300, -90.530), Vector(-49.100, 4.300,
			-87.205), Vector(-40.593, 4.294, -90.124), Vector(-53.703, 4.300, -89.171), Vector(-64.825, 4.300, -88.746), Vector(-73.124,
			4.300, -90.692), Vector(-73.042, 4.300, -87.483), Vector(-73.344, 3.300, -103.676), Vector(-69.834, 3.300, -98.981), Vector(
			-68.597, 3.300, -106.796), Vector(-77.551, 3.300, -106.713), Vector(-72.921, 3.801, -113.005), Vector(-73.208, 4.300,
			-123.877), Vector(-64.182, 3.300, -100.404), Vector(-67.413, 4.300, -124.241), Vector(-62.839, 4.300, -123.317), Vector(
			-64.033, 4.300, -129.552), Vector(-64.018, 4.300, -136.533), Vector(-68.985, 4.300, -129.538), Vector(-68.440, 6.300,
			-143.920), Vector(-73.969, 6.301, -143.542), Vector(-74.290, 6.300, -157.834), Vector(-69.726, 5.665, -157.915), Vector(
			-57.503, 5.300, -157.743), Vector(-61.210, 5.300, -170.600), Vector(-52.170, 5.300, -170.298), Vector(-57.062, 5.300,
			-179.409), Vector(-44.269, 5.664, -157.902), Vector(-38.371, 6.300, -157.062), Vector(-38.380, 6.300, -144.378), Vector(
			-45.517, 6.300, -144.206), Vector(-53.976, 6.300, -145.617), Vector(-54.097, 6.300, -151.436), Vector(-59.680, 6.300,
			-151.032), Vector(-59.586, 6.301, -146.218), Vector(-65.889, 6.350, -141.028), Vector(-48.447, 6.350, -141.056), Vector(
			-50.672, 4.300, -136.999), Vector(-50.874, 4.300, -130.473), Vector(-50.983, 4.300, -123.317), Vector(-45.220, 4.300,
			-129.460), Vector(-28.154, 1.320, -14.895), Vector(-35.401, 1.320, -18.778), Vector(-35.646, 0.821, -22.225), Vector(-36.285,
			0.320, -25.971), Vector(-29.665, 0.320, -25.901), Vector(-26.539, 0.320, -25.143), Vector(-29.423, 0.300, -31.550), Vector(
			-19.437, 0.320, -24.163), Vector(-19.740, 0.747, -20.948), Vector(-20.528, 1.320, -16.806));
		Global.Healthkits = Array(Vector(80.410, 1.300, -44.299), Vector(58.122, 0.300, -25.755), Vector(43.540, 0.300, -89.817), Vector(
			37.718, 1.300, -85.969), Vector(41.051, 1.300, -47.564), Vector(35.383, 2.317, -34.228), Vector(78.908, 0.300, 1.435), Vector(
			-0.126, 1.300, -90.164), Vector(-10.242, 1.300, -55.351), Vector(-27.807, 0.300, -33.808), Vector(-22.426, 0.300, -82.904),
			Vector(-76.974, 4.300, -89.026), Vector(-36.242, 3.300, -111.534), Vector(-77.427, 4.300, -126.499), Vector(-56.063, 0.300,
			-58.577));
		Global.ObjectiveA_Nodes = Array(Vector(106.565, 0.115, -21.014), Vector(104.788, 0.115, -23.305), Vector(101.182, 0.115, -23.305),
			Vector(96.521, 0.135, -23.282), Vector(91.652, 1.165, -23.226), Vector(86.273, 0.617, -23.164), Vector(81.145, 0.150, -23.105),
			Vector(75.956, 0.150, -23.047), Vector(71.806, 0.150, -24.808), Vector(71.182, 0.150, -30.049), Vector(70.478, 0.522, -35.393),
			Vector(69.710, 1.083, -40.508), Vector(69.092, 1.145, -44.622), Vector(66.485, 1.150, -47.316), Vector(62.210, 1.150, -47.744),
			Vector(57.285, 1.150, -47.962), Vector(53.368, 1.150, -49.311), Vector(51.878, 1.150, -53.682), Vector(51.449, 1.150, -57.754),
			Vector(51.106, 1.150, -61.869), Vector(50.475, 1.150, -65.767), Vector(49.148, 1.150, -70.332), Vector(44.938, 1.158, -70.904),
			Vector(40.219, 1.310, -70.780), Vector(36.173, 1.310, -70.826), Vector(31.895, 1.217, -70.875), Vector(27.188, 2.008, -70.930),
			Vector(22.469, 3.041, -70.984), Vector(17.808, 2.969, -71.037), Vector(13.460, 1.887, -71.088), Vector(9.344, 1.152, -71.155),
			Vector(6.610, 1.152, -68.410), Vector(5.372, 1.152, -64.113), Vector(5.207, 1.152, -59.835), Vector(5.117, 1.152, -55.286),
			Vector(5.071, 1.152, -51.016), Vector(5.003, 1.152, -47.142), Vector(2.906, 1.152, -44.716), Vector(-1.614, 0.927, -44.697),
			Vector(-6.100, 0.584, -44.811), Vector(-10.388, 0.257, -44.954), Vector(-14.609, 0.150, -45.163), Vector(-17.704, 0.152,
			-47.124), Vector(-17.942, 0.152, -51.509), Vector(-17.823, 0.152, -55.766), Vector(-17.876, 0.152, -60.388), Vector(-17.879,
			0.152, -64.613), Vector(-18.505, 0.152, -68.583), Vector(-22.224, 0.152, -69.222), Vector(-26.303, 0.334, -69.323), Vector(
			-30.173, 0.305, -69.367), Vector(-33.504, 0.310, -69.761), Vector(-33.896, 0.152, -73.153), Vector(-33.827, 0.152, -76.232),
			Vector(-33.827, 0.152, -79.839), Vector(-33.699, 0.544, -83.943), Vector(-33.655, 1.629, -87.922), Vector(-33.610, 2.720,
			-91.921), Vector(-33.571, 3.152, -95.829), Vector(-33.680, 3.152, -99.875), Vector(-36.674, 3.152, -102.441), Vector(-41.327,
			3.152, -102.624), Vector(-45.608, 3.152, -102.624), Vector(-49.854, 3.152, -102.624), Vector(-53.823, 3.152, -103.499), Vector(
			-54.571, 3.152, -107.324), Vector(-54.640, 3.152, -111.630), Vector(-54.670, 3.152, -115.855), Vector(-54.670, 4.150,
			-119.866), Vector(-54.670, 4.150, -123.824), Vector(-54.670, 4.150, -127.694), Vector(-54.616, 4.281, -131.682), Vector(
			-55.356, 4.150, -135.091), Vector(-57.874, 4.150, -135.237), Vector(-59.448, 4.238, -131.764), Vector(-59.603, 4.300,
			-128.690), Vector(-59.603, 4.300, -124.367), Vector(-59.532, 4.152, -119.794), Vector(-59.532, 3.150, -115.642), Vector(
			-59.578, 3.150, -111.392), Vector(-59.495, 3.150, -107.170), Vector(-59.404, 3.150, -103.124), Vector(-58.606, 3.150, -99.131),
			Vector(-55.066, 3.150, -98.283), Vector(-51.021, 3.150, -98.298), Vector(-46.535, 3.150, -98.298), Vector(-42.753, 3.150,
			-98.298), Vector(-38.947, 3.150, -97.146), Vector(-38.196, 3.001, -92.955), Vector(-38.229, 1.976, -89.200), Vector(-38.186,
			0.939, -85.389), Vector(-38.177, 0.150, -81.071), Vector(-38.234, 0.150, -76.828), Vector(-38.330, 0.150, -72.378), Vector(
			-38.332, 0.150, -68.688), Vector(-36.250, 0.150, -65.495), Vector(-32.433, 0.150, -64.866), Vector(-29.135, 0.364, -64.785),
			Vector(-24.804, 0.364, -64.736), Vector(-22.318, 0.150, -62.369), Vector(-22.327, 0.150, -57.850), Vector(-22.299, 0.150,
			-53.228), Vector(-22.393, 0.150, -49.002), Vector(-22.215, 0.150, -45.051), Vector(-19.775, 0.150, -42.002), Vector(-15.559,
			0.150, -40.883), Vector(-11.776, 0.163, -40.739), Vector(-7.102, 0.510, -40.607), Vector(-2.771, 0.841, -40.607), Vector(1.739,
			1.144, -40.573), Vector(6.077, 1.152, -40.735), Vector(8.718, 1.152, -43.888), Vector(9.099, 1.152, -48.425), Vector(9.147,
			1.152, -52.730), Vector(9.202, 1.152, -57.571), Vector(9.253, 1.152, -62.057), Vector(10.330, 1.300, -65.797), Vector(14.852,
			2.323, -66.113), Vector(19.263, 3.083, -66.067), Vector(23.924, 2.888, -66.067), Vector(28.143, 1.653, -66.067), Vector(32.562,
			1.211, -66.067), Vector(36.905, 1.302, -66.067), Vector(41.267, 1.244, -66.067), Vector(46.152, 1.151, -65.362), Vector(47.381,
			1.151, -61.244), Vector(48.045, 1.151, -56.896), Vector(48.723, 1.151, -51.596), Vector(49.308, 1.151, -46.319), Vector(51.522,
			1.151, -42.097), Vector(56.733, 1.151, -41.451), Vector(61.381, 1.151, -41.501), Vector(65.813, 1.135, -40.770), Vector(67.076,
			0.673, -36.054), Vector(67.333, 0.164, -31.055), Vector(67.478, 0.150, -26.060), Vector(67.772, 0.150, -21.665), Vector(72.109,
			0.150, -19.763), Vector(77.442, 0.150, -19.319), Vector(82.016, 0.150, -18.964), Vector(86.688, 0.749, -18.753), Vector(91.725,
			1.166, -18.698), Vector(96.069, 0.140, -18.648), Vector(100.291, 0.114, -18.637), Vector(103.985, 0.114, -18.687));
		Global.ObjectiveB_Nodes = Array();
		Global.Chokepoint = Array();
		Global.Staircase_Top = Array(Vector(113.729, 7.310, -1.078), Vector(113.241, 7.310, -40.816), Vector(80.592, 5.300, -32.737),
			Vector(50.610, 6.300, -25.275), Vector(36.137, 7.300, -51.465), Vector(39.379, 7.300, -85.973), Vector(58.370, 5.300, -86.328),
			Vector(44.163, 2.200, -25.806), Vector(74.135, 5.308, -11.011), Vector(-11.757, -2.700, -78.062), Vector(-10.068, 1.300,
			-67.482), Vector(-3.567, 1.300, -86.045), Vector(-9.588, 7.300, -77.985), Vector(-2.050, 7.300, -39.407), Vector(14.053, 5.300,
			-37.286), Vector(0.646, 5.300, -29.994), Vector(-14.478, 7.298, -50.890), Vector(30.973, 1.300, -56.176), Vector(-52.920,
			4.300, -84.626), Vector(-44.445, 6.300, -80.739), Vector(-26.344, 6.300, -88.310), Vector(-28.984, 3.300, -97.284), Vector(
			-44.560, 4.285, -93.504), Vector(-66.996, 3.300, -112.318), Vector(-41.011, 3.300, -111.451), Vector(-57.048, 4.310, -92.328),
			Vector(-69.065, 4.300, -92.426), Vector(-77.049, 4.300, -93.583), Vector(-68.546, 6.300, -139.721), Vector(-45.364, 6.300,
			-140.088), Vector(20.995, 3.298, -73.564), Vector(20.252, 3.311, -73.330), Vector(21.477, 3.267, -63.374), Vector(20.099,
			3.302, -63.630), Vector(-35.972, 3.152, -94.688));
		Global.Staircase_Bottom = Array(Vector(124.079, 1.310, -7.926), Vector(123.973, 1.310, -34.354), Vector(79.765, 1.300, -42.408),
			Vector(56.308, 0.313, -15.796), Vector(36.038, 2.200, -40.625), Vector(44.022, 1.300, -73.224), Vector(66.146, 1.298, -78.938),
			Vector(44.512, 0.300, -20.788), Vector(63.727, 0.300, -7.922), Vector(-20.388, -6.664, -78.001), Vector(-10.132, -2.700,
			-76.682), Vector(-9.839, -2.700, -79.617), Vector(4.493, 1.300, -77.997), Vector(-1.899, 5.300, -35.509), Vector(14.131, 0.298,
			-52.732), Vector(-5.979, 0.729, -37.858), Vector(-14.710, 0.300, -67.793), Vector(26.968, -0.041, -56.090), Vector(-53.056,
			0.300, -73.364), Vector(-44.461, 4.294, -86.707), Vector(-18.828, 0.300, -80.566), Vector(-28.910, 0.300, -89.026), Vector(
			-44.453, 3.300, -97.024), Vector(-66.930, -0.700, -121.491), Vector(-40.882, -0.700, -121.895), Vector(-57.046, 3.300,
			-95.860), Vector(-69.033, 3.300, -96.602), Vector(-77.032, 3.299, -96.803), Vector(-68.431, 4.300, -134.250), Vector(-45.460,
			4.300, -134.288), Vector(29.271, 1.300, -73.139), Vector(11.971, 1.300, -73.537), Vector(29.878, 1.300, -63.404), Vector(
			11.243, 1.300, -63.565), Vector(-36.086, 0.160, -82.149));
		Global.Healthkits_Small = Array(Vector(80.410, 1.300, -44.299), Vector(58.122, 0.300, -25.755), Vector(43.540, 0.300, -89.817),
			Vector(41.051, 1.300, -47.564), Vector(-0.126, 1.300, -90.164), Vector(-10.242, 1.300, -55.351), Vector(-22.426, 0.300,
			-82.904), Vector(-36.242, 3.300, -111.534), Vector(-77.427, 4.300, -126.499), Vector(-56.063, 0.300, -58.577));
		Global.Healthkits_Large = Array(Vector(37.718, 1.300, -85.969), Vector(35.383, 2.317, -34.228), Vector(78.908, 0.300, 1.435),
			Vector(-27.807, 0.300, -33.808), Vector(-76.974, 4.300, -89.026));
		Global.Staircase_Middle = Array(Vector(123.861, 3.310, -1.407), Vector(124.037, 3.312, -40.601), 0, Vector(51.096, 2.300, -15.970),
			0, Vector(44.135, 6.290, -85.590), Vector(60.262, 3.300, -78.517), 0, Vector(73.209, 4.301, -6.757), 0, 0, Vector(-9.612,
			-0.700, -85.462), 0, 0, Vector(13.960, 1.300, -48.403), Vector(-5.111, 3.300, -30.254), 0, 0, 0, 0, Vector(-18.962, 3.300,
			-88.019), 0, 0, 0, 0, 0, 0, 0, 0, 0, 0, 0, 0, 0, 0);
		Global.Jump_Start = Array(Vector(66.810, 6.300, -20.597), Vector(14.922, -0.842, -73.205));
		Global.Jump_End = Array(Vector(68.062, 6.300, -19.937), Vector(15.813, -0.815, -73.128));
	}
