	actions
	{
		Global.Path_Nodes = Array(Vector(39.438, 3.902, 75.883), Vector(29.912, 3.902, 72.409), Vector(40.729, 3.902, 71.965), Vector(
			36.998, 3.902, 66.867), Vector(47.009, 3.902, 70.396), Vector(43.560, 3.902, 65.123), Vector(43.135, 3.934, 60.884), Vector(
			46.649, 3.934, 62.324), Vector(39.082, 3.951, 56.104), Vector(41.979, 3.947, 55.114), Vector(53.416, 3.934, 57.018), Vector(
			55.300, 3.904, 64.775), Vector(49.016, 3.904, 79.002), Vector(42.981, 7.968, 46.394), Vector(37.609, 1.830, 51.727), Vector(
			53.714, 9.068, 16.233), Vector(62.208, 10.766, 12.461), Vector(49.159, 9.659, 13.743), Vector(44.647, 8.856, 18.703), Vector(
			38.121, 8.550, 23.276), Vector(34.354, 8.558, 20.059), Vector(38.023, 1.776, 42.513), Vector(46.654, 1.776, 40.357), Vector(
			53.211, 1.781, 40.636), Vector(55.081, 1.756, 51.566), Vector(63.133, 1.607, 47.445), Vector(69.557, 1.996, 39.449), Vector(
			68.545, 2.779, 29.905), Vector(61.712, 2.534, 30.675), Vector(69.448, 2.422, 22.523), Vector(65.784, 3.404, 21.516), Vector(
			63.539, 3.892, 17.680), Vector(61.415, 3.223, 23.375), Vector(72.180, 1.861, 17.166), Vector(71.081, 1.797, 9.521), Vector(
			68.780, 2.053, 2.950), Vector(65.643, 2.866, 0.444), Vector(62.878, 3.793, -1.616), Vector(58.100, 4.153, -1.916), Vector(
			61.765, 4.141, 3.964), Vector(53.156, 4.033, -7.089), Vector(46.341, 3.811, -5.667), Vector(45.511, 4.619, -11.967), Vector(
			19.802, 7.505, -3.390), Vector(30.024, 9.748, 5.287), Vector(32.935, 9.067, 5.376), Vector(40.666, 9.111, -0.815), Vector(
			39.052, 9.872, -3.718), Vector(33.771, 9.462, -0.610), Vector(30.672, 9.635, -7.051), Vector(36.135, 8.439, -11.020), Vector(
			26.098, 8.787, 22.875), Vector(21.742, 8.430, 18.173), Vector(19.405, 9.142, 22.632), Vector(16.544, 8.339, 17.854), Vector(
			19.807, 3.735, 17.921), Vector(19.659, 3.621, 13.182), Vector(24.897, 3.629, 18.580), Vector(37.130, 3.655, 15.475), Vector(
			42.588, 3.437, 21.991), Vector(48.696, 3.445, 17.070), Vector(52.988, 3.474, 19.238), Vector(27.760, 3.529, 5.988), Vector(
			32.527, 3.486, 3.524), Vector(39.002, 3.558, -1.191), Vector(35.373, 3.693, -5.554), Vector(29.028, 3.693, -0.676), Vector(
			24.285, 3.693, -0.705), Vector(40.249, 3.552, -11.223), Vector(27.292, 9.563, -11.746), Vector(23.221, 9.523, -17.106), Vector(
			21.355, 9.535, -21.601), Vector(13.712, 10.296, -23.972), Vector(11.696, 10.870, -30.618), Vector(8.325, 10.021, -23.210),
			Vector(10.250, 10.650, -38.241), Vector(7.293, 10.514, -41.647), Vector(11.745, 10.544, -43.181), Vector(7.151, 10.423,
			-45.012), Vector(-0.410, 10.102, -43.158), Vector(-5.042, 10.053, -41.838), Vector(-9.660, 10.085, -42.912), Vector(-8.542,
			10.085, -38.539), Vector(-17.061, 10.085, -36.058), Vector(-17.849, 10.085, -40.498), Vector(-19.790, 10.085, -46.278), Vector(
			-11.287, 10.085, -49.466), Vector(-25.313, 9.764, -48.085), Vector(-30.111, 9.711, -46.409), Vector(-36.145, 10.308, -44.757),
			Vector(-39.677, 11.090, -43.725), Vector(-42.991, 11.465, -41.275), Vector(-45.818, 11.267, -35.805), Vector(-48.351, 10.909,
			-30.419), Vector(-46.944, 10.408, -23.504), Vector(-48.545, 10.410, -16.895), Vector(-54.578, 10.309, -18.632), Vector(-60.169,
			10.055, -19.700), Vector(-38.267, 14.312, -22.049), Vector(-32.963, 14.302, -9.507), Vector(-28.606, 14.312, -26.796), Vector(
			-25.854, 13.679, -27.542), Vector(-20.715, 13.673, -15.925), Vector(23.963, 3.556, -14.910), Vector(23.200, 3.672, -8.449),
			Vector(18.013, 3.642, -12.084), Vector(17.533, 3.593, -17.428), Vector(13.626, 3.586, -23.183), Vector(9.306, 3.586, -22.734),
			Vector(6.589, 3.613, -18.166), Vector(3.303, 3.670, -5.485), Vector(5.784, 3.575, 2.979), Vector(11.565, 3.605, 1.366), Vector(
			36.211, 9.154, -8.140), Vector(33.062, 8.542, 8.189), Vector(47.140, 9.336, -0.483), Vector(51.977, 9.321, -0.598), Vector(
			-5.488, 4.545, -8.491), Vector(-11.682, 4.568, -6.077), Vector(-6.316, 4.568, -2.636), Vector(-10.665, 4.568, -1.155), Vector(
			-9.874, 5.567, 10.499), Vector(-14.439, 5.567, 8.965), Vector(-18.218, 5.567, 13.340), Vector(-22.115, 5.628, 11.495), Vector(
			-13.147, 5.567, 3.530), Vector(-17.488, 5.616, 1.100), Vector(-15.842, 4.634, -9.698), Vector(-14.690, 4.837, -15.428), Vector(
			-20.034, 5.034, -12.219), Vector(-20.147, 4.681, -5.281), Vector(-26.078, 4.858, -0.251), Vector(-27.906, 4.971, 4.513),
			Vector(-33.622, 4.899, 7.040), Vector(-39.688, 4.897, 2.103), Vector(-43.623, 5.061, 6.416), Vector(-42.609, 4.891, -2.464),
			Vector(-36.610, 4.863, -6.395), Vector(-30.030, 4.859, -3.553), Vector(-40.137, 4.857, -13.235), Vector(-44.107, 4.857,
			-7.864), Vector(-34.166, 4.976, -16.053), Vector(-32.237, 4.976, -20.707), Vector(-30.252, 4.976, -15.040), Vector(-26.902,
			4.976, -19.265), Vector(-30.668, 4.976, -28.259), Vector(-24.811, 5.029, -22.762), Vector(-22.240, 4.976, -16.549), Vector(
			-33.709, 9.994, -6.896), Vector(-35.872, 9.986, -12.370), Vector(-33.487, 10.270, -1.956), Vector(-36.133, 12.148, 3.935),
			Vector(-31.033, 12.123, 8.294), Vector(-30.518, 9.976, -14.546), Vector(-28.934, 9.976, -23.970), Vector(-27.181, 9.981,
			-28.902), Vector(-23.243, 9.955, -21.833), Vector(-19.716, 10.205, -14.447), Vector(-14.422, 10.042, -11.368), Vector(-8.644,
			9.684, -9.216), Vector(-13.580, 4.857, -53.502), Vector(-23.161, 4.848, -52.421), Vector(-29.688, 4.858, -49.547), Vector(
			-35.284, 4.858, -45.810), Vector(-35.871, 4.858, -40.576), Vector(-28.108, 4.860, -41.915), Vector(-27.852, 4.860, -46.944),
			Vector(-22.455, 5.038, -41.744), Vector(-19.183, 5.038, -44.295), Vector(-9.700, 4.875, -50.965), Vector(-7.377, 4.906,
			-45.823), Vector(-11.628, 5.038, -44.675), Vector(-15.813, 5.038, -43.460), Vector(-12.396, 5.038, -37.793), Vector(-13.403,
			4.906, -31.186), Vector(-7.079, 4.928, -35.833), Vector(-5.560, 4.914, -40.548), Vector(-1.181, 8.408, -19.891), Vector(
			-43.348, 4.858, -37.486), Vector(-47.979, 4.858, -29.589), Vector(-52.337, 4.845, -32.025), Vector(-47.072, 4.845, -40.012),
			Vector(-51.385, 4.845, -36.391), Vector(-56.860, 4.847, -39.206), Vector(-56.590, 4.861, -13.290), Vector(-60.539, 4.982,
			-9.735), Vector(-53.062, 4.870, -10.674), Vector(-53.343, 4.851, -18.163), Vector(-49.837, 4.856, -17.809), Vector(-68.070,
			14.081, 23.462), Vector(-71.174, 14.109, 17.376), Vector(-78.301, 14.911, 15.721), Vector(-85.847, 14.969, 11.895), Vector(
			-84.182, 14.969, 8.985), Vector(-76.562, 14.969, 13.030), Vector(-98.275, 14.501, -12.264), Vector(-101.619, 14.501, -10.846),
			Vector(-97.042, 14.178, 0.295), Vector(-93.455, 14.188, -0.997), Vector(-107.436, 14.050, -29.230), Vector(-109.450, 14.050,
			-24.307), Vector(-107.455, 14.048, -21.012), Vector(-102.537, 14.050, -25.244), Vector(-104.860, 12.050, -2.027), Vector(
			-101.043, 10.050, 11.573), Vector(-87.962, 8.077, 16.973), Vector(-85.378, 8.050, 13.223), Vector(-78.363, 8.050, 19.378),
			Vector(-71.411, 8.050, 18.769), Vector(-65.109, 10.050, 30.479), Vector(-68.651, 10.050, 26.910), Vector(-63.241, 12.417,
			7.680), Vector(-71.018, 12.417, 4.196), Vector(-65.686, 12.364, 2.873), Vector(-66.288, 12.050, -0.197), Vector(-75.615,
			12.050, -5.777), Vector(-71.393, 12.050, -16.342), Vector(-71.948, 12.050, -9.611), Vector(-75.553, 12.050, -17.737), Vector(
			-81.989, 8.050, -15.138), Vector(-77.022, 8.050, -2.773), Vector(-72.438, 8.050, -10.095), Vector(-67.977, 8.077, 5.633),
			Vector(-51.721, 8.050, 19.861), Vector(-58.726, 8.050, 18.408), Vector(-58.035, 4.892, -2.896), Vector(-49.858, 5.077, 7.334),
			Vector(-113.301, 8.050, -39.886), Vector(-111.314, 8.051, -33.097), Vector(-110.174, 6.050, -55.646), Vector(-104.130, 6.050,
			-50.965), Vector(-89.225, 8.050, -47.151), Vector(-84.744, 8.050, -41.401), Vector(-83.423, 8.064, -36.607), Vector(-82.936,
			8.050, -25.159), Vector(-79.149, 8.050, -21.634), Vector(-87.836, 8.050, -18.441), Vector(-86.934, 8.050, -25.958), Vector(
			-91.476, 8.121, -33.362), Vector(-96.350, 8.050, -30.755), Vector(-104.767, 8.050, -30.804), Vector(-106.327, 8.050, -24.484),
			Vector(-99.950, 8.050, -20.799), Vector(-110.510, 8.050, -29.655), Vector(-86.259, 13.897, -26.930), Vector(-78.244, 14.451,
			-28.724), Vector(-80.287, 14.066, -1.183), Vector(49.724, 5.058, -17.604), Vector(52.553, 3.907, -24.247), Vector(59.379,
			3.539, -21.592), Vector(57.856, 3.559, -17.012), Vector(60.131, 3.754, -10.406), Vector(55.665, 3.941, -8.798));
		Global.Healthkits = Array(Vector(48.353, 3.246, 45.718), Vector(73.014, 1.729, 7.429), Vector(52.700, 3.991, -4.646), Vector(
			23.680, 3.694, -2.984), Vector(43.939, 3.437, 22.616), Vector(-8.898, 4.567, 0.674), Vector(-12.734, 5.038, -47.267), Vector(
			-56.973, 10.193, 33.394), Vector(-72.974, 8.050, 21.299), Vector(-104.934, 12.050, -3.130), Vector(-67.943, 8.050, -13.191),
			Vector(-78.254, 8.050, -22.998));
		Global.ObjectiveA_Nodes = Array(Vector(50.073, 1.787, 33.738), Vector(51.598, 1.873, 31.263), Vector(55.419, 1.925, 33.530),
			Vector(54.204, 1.801, 36.047), Vector(51.096, 1.776, 36.914), Vector(56.846, 2.172, 30.272), Vector(58.555, 2.622, 26.696),
			Vector(60.043, 3.178, 22.870), Vector(61.398, 3.667, 18.936), Vector(62.166, 3.992, 15.157), Vector(62.096, 4.121, 11.028),
			Vector(60.803, 4.083, 7.026), Vector(58.253, 4.017, 3.617), Vector(54.417, 3.938, 1.293), Vector(50.036, 3.805, 0.891), Vector(
			45.139, 3.686, 1.890), Vector(40.663, 3.645, 4.055), Vector(37.160, 3.645, 6.418), Vector(33.793, 3.645, 8.999), Vector(30.170,
			3.645, 11.061), Vector(26.409, 3.645, 9.555), Vector(23.775, 3.645, 6.034), Vector(21.589, 3.645, 2.643), Vector(19.425, 3.645,
			-0.820), Vector(18.123, 3.645, -4.468), Vector(16.874, 3.645, -8.051), Vector(14.495, 3.645, -10.925), Vector(11.634, 3.645,
			-12.240), Vector(53.620, 2.072, 28.709), Vector(54.753, 2.389, 25.669), Vector(56.183, 2.899, 21.815), Vector(57.300, 3.353,
			17.826), Vector(58.021, 3.714, 13.549), Vector(57.580, 3.861, 9.896), Vector(55.496, 3.868, 6.992), Vector(51.730, 3.775,
			5.045), Vector(47.618, 3.687, 5.250), Vector(44.308, 3.650, 6.675), Vector(40.980, 3.645, 8.656), Vector(37.771, 3.645,
			11.127), Vector(34.397, 3.645, 13.685), Vector(30.950, 3.645, 15.323), Vector(26.714, 3.645, 14.807), Vector(23.189, 3.645,
			13.024), Vector(21.136, 3.645, 10.430), Vector(19.098, 3.645, 7.565), Vector(16.683, 3.645, 3.895), Vector(15.235, 3.645,
			0.017), Vector(13.968, 3.645, -3.916), Vector(12.488, 3.645, -7.189), Vector(10.671, 3.648, -8.220), Vector(7.961, 3.645,
			-9.003), Vector(8.833, 3.645, -13.406), Vector(4.882, 3.686, -14.021), Vector(1.011, 3.927, -14.654), Vector(-3.297, 4.444,
			-16.288), Vector(-7.161, 4.797, -18.353), Vector(-10.566, 4.860, -21.519), Vector(-13.475, 4.860, -25.387), Vector(-16.204,
			4.860, -29.821), Vector(-18.831, 4.860, -33.997), Vector(-22.369, 4.860, -37.635), Vector(-27.225, 4.860, -39.363), Vector(
			-32.469, 4.860, -39.244), Vector(-37.794, 4.860, -37.237), Vector(-42.389, 4.860, -33.878), Vector(-45.646, 4.860, -29.378),
			Vector(-46.735, 4.860, -24.493), Vector(-47.660, 4.860, -18.840), Vector(-48.665, 4.860, -13.845), Vector(-50.532, 4.860,
			-9.289), Vector(-52.378, 4.860, -5.983), Vector(4.082, 3.671, -9.521), Vector(0.100, 3.927, -10.397), Vector(-4.576, 4.436,
			-11.889), Vector(-8.858, 4.764, -13.898), Vector(-12.330, 4.859, -17.031), Vector(-15.516, 4.859, -20.543), Vector(-18.294,
			4.859, -24.415), Vector(-20.547, 4.859, -28.086), Vector(-23.326, 4.859, -32.353), Vector(-27.708, 4.859, -34.716), Vector(
			-32.686, 4.859, -34.429), Vector(-37.352, 4.859, -32.047), Vector(-41.289, 4.859, -28.025), Vector(-42.847, 4.859, -22.904),
			Vector(-43.354, 4.859, -17.411), Vector(-44.449, 4.859, -11.985), Vector(-46.131, 4.859, -7.263), Vector(-48.026, 4.859,
			-3.584), Vector(-50.673, 4.821, 0.157), Vector(-54.687, 4.821, -2.726), Vector(-56.610, 4.821, 0.291), Vector(-58.863, 5.709,
			3.676), Vector(-60.852, 7.139, 7.088), Vector(-62.925, 8.050, 10.526), Vector(-64.910, 8.050, 12.750), Vector(-68.628, 8.050,
			10.610), Vector(-72.525, 8.050, 8.226), Vector(-76.126, 8.050, 5.698), Vector(-79.673, 8.050, 2.281), Vector(-82.296, 8.050,
			-0.915), Vector(-84.501, 8.050, -4.714), Vector(-85.693, 8.050, -8.396), Vector(-86.938, 8.050, -12.515), Vector(-88.233,
			8.050, -16.802), Vector(-89.451, 8.050, -20.837), Vector(-90.593, 8.080, -24.620), Vector(-93.874, 8.050, -27.077), Vector(
			-52.513, 4.821, 3.011), Vector(-54.430, 5.768, 6.387), Vector(-56.572, 7.261, 10.027), Vector(-58.405, 8.050, 13.095), Vector(
			-61.236, 8.050, 15.903), Vector(-64.976, 8.050, 15.856), Vector(-69.396, 8.050, 14.343), Vector(-73.248, 8.050, 12.454),
			Vector(-76.938, 8.050, 10.372), Vector(-80.667, 8.050, 7.522), Vector(-83.646, 8.050, 4.457), Vector(-86.523, 8.050, 0.496),
			Vector(-89.076, 8.050, -4.046), Vector(-90.610, 8.050, -8.729), Vector(-92.046, 8.050, -13.538), Vector(-93.360, 8.050,
			-18.298), Vector(-94.590, 8.080, -22.753), Vector(-95.426, 8.050, -25.778));
		Global.ObjectiveB_Nodes = Array();
		Global.Chokepoint = Array();
		Global.Staircase_Top = Array(Vector(45.908, 3.936, 56.616), Vector(57.937, 3.936, 58.352), Vector(32.919, 3.902, 64.707), Vector(
			63.630, 3.522, 37.688), Vector(62.012, 3.821, 37.192), Vector(49.704, 8.740, 46.064), Vector(50.310, 8.909, 46.097), Vector(
			45.787, 3.523, 47.805), Vector(43.005, 3.830, 46.182), Vector(50.434, 3.019, 45.702), Vector(51.382, 8.519, 20.542), Vector(
			55.201, 10.824, 12.484), Vector(36.988, 8.264, 16.852), Vector(27.467, 9.038, -22.629), Vector(38.370, 6.023, -18.361), Vector(
			31.854, 5.473, -9.800), Vector(25.519, 7.505, -5.414), Vector(28.522, 9.561, 0.544), Vector(31.179, 5.473, -9.927), Vector(
			12.412, 7.739, 17.014), Vector(-24.384, 11.392, -38.066), Vector(-25.296, 11.397, -34.827), Vector(-22.147, 9.420, -48.313),
			Vector(-68.303, 12.050, -18.988), Vector(-16.131, 5.654, -0.689), Vector(-19.908, 5.645, 2.117), Vector(-22.209, 5.628, 8.836),
			Vector(-31.643, 10.006, -8.052), Vector(-31.368, 12.113, 5.557), Vector(-30.860, 9.981, -27.486), Vector(3.763, 9.523,
			-21.962), Vector(-64.551, 8.050, 3.487), Vector(-49.394, 8.050, 17.446), Vector(-58.224, 10.193, 29.132), Vector(-63.919,
			12.050, 38.301), Vector(-70.435, 12.050, 35.211), Vector(-71.015, 14.081, 28.609), Vector(-97.212, 14.501, -5.441), Vector(
			-102.922, 12.050, 1.232), Vector(-108.392, 12.050, -5.797), Vector(-98.342, 10.050, 18.778), Vector(-93.527, 10.049, 8.094),
			Vector(-72.274, 10.050, 26.961), Vector(-65.449, 10.050, 25.313), Vector(-66.799, 10.050, 20.372), Vector(-64.653, 12.417,
			5.188), Vector(-80.294, 12.417, -9.631), Vector(-73.165, 12.050, -25.396), Vector(-99.442, 14.501, -11.201), Vector(-95.827,
			8.050, -46.759), Vector(-110.515, 8.050, -44.138));
		Global.Staircase_Bottom = Array(Vector(47.558, 1.810, 52.548), Vector(59.735, 1.661, 53.351), Vector(34.942, 1.907, 59.893),
			Vector(66.671, 2.676, 35.213), Vector(59.013, 2.180, 32.394), Vector(61.699, 4.208, 39.147), Vector(46.201, 7.617, 47.112),
			Vector(45.668, 1.926, 51.584), Vector(38.033, 1.831, 46.037), Vector(54.980, 1.795, 45.078), Vector(35.602, 2.226, 38.686),
			Vector(52.459, 9.454, 12.448), Vector(49.341, 3.668, 7.704), Vector(43.811, 5.433, -18.173), Vector(31.505, 3.699, -16.670),
			Vector(35.095, 3.510, -12.054), Vector(28.847, 5.473, -7.834), Vector(26.065, 7.505, -2.790), Vector(29.035, 3.571, -12.891),
			Vector(11.931, 3.612, 4.488), Vector(-23.274, 9.528, -41.750), Vector(-26.545, 10.129, -30.057), Vector(-13.010, 4.819,
			-50.806), Vector(-65.642, 8.050, -10.250), Vector(-14.658, 4.568, -3.614), Vector(-22.045, 4.858, 0.770), Vector(-24.470,
			4.858, 7.404), Vector(-21.660, 5.030, -12.505), Vector(-28.865, 10.243, 1.554), Vector(-41.711, 4.858, -22.621), Vector(-8.010,
			5.163, -32.623), Vector(-61.314, 4.925, -3.028), Vector(-44.262, 4.950, 9.263), Vector(-55.533, 8.050, 24.264), Vector(-61.643,
			10.193, 34.016), Vector(-67.974, 10.050, 30.354), Vector(-73.634, 12.099, 33.228), Vector(-101.328, 12.050, -1.778), Vector(
			-100.929, 10.050, 5.430), Vector(-101.514, 8.050, -15.912), Vector(-93.647, 8.050, 20.852), Vector(-89.900, 8.050, 10.485),
			Vector(-76.870, 8.050, 24.671), Vector(-63.139, 8.050, 20.948), Vector(-65.294, 8.050, 16.512), Vector(-62.968, 8.050, 9.996),
			Vector(-85.259, 8.050, -6.285), Vector(-80.910, 8.083, -29.143), Vector(-93.860, 8.050, -5.160), Vector(-100.879, 6.050,
			-45.616), Vector(-111.988, 6.050, -48.802));
		Global.Healthkits_Small = Array(Vector(48.353, 3.246, 45.718), Vector(73.014, 1.729, 7.429), Vector(52.700, 3.991, -4.646), Vector(
			-72.974, 8.050, 21.299), Vector(-78.254, 8.050, -22.998));
		Global.Healthkits_Large = Array(Vector(23.680, 3.694, -2.984), Vector(43.939, 3.437, 22.616), Vector(-8.898, 4.567, 0.674), Vector(
			-12.734, 5.038, -47.267), Vector(-56.973, 10.193, 33.394), Vector(-104.934, 12.050, -3.130), Vector(-67.943, 8.050, -13.191));
		Global.Staircase_Middle = Array(0, 0, 0, 0, 0, Vector(55.176, 6.745, 43.185), 0, 0, 0, 0, Vector(44.076, 4.450, 30.990), 0, Vector(
			42.768, 6.020, 11.808), Vector(35.208, 7.579, -23.311), 0, 0, 0, 0, 0, Vector(12.280, 5.559, 11.140), 0, 0, 0, Vector(-63.198,
			10.050, -16.155), 0, 0, 0, 0, 0, 0, Vector(-2.480, 8.168, -23.321), 0, 0, 0, 0, 0, 0, Vector(-100.186, 13.552, -4.143), 0,
			Vector(-107.067, 10.050, -12.525), 0, 0, 0, 0, 0, Vector(-65.732, 11.113, 7.862), Vector(-82.492, 9.689, -5.347), 0, Vector(
			-96.628, 12.614, -12.559), 0, 0);
		Global.Jump_Start = Array(Vector(42.735, 8.471, -0.041), Vector(-39.636, 9.986, -20.662), Vector(-47.487, 10.457, -22.715), Vector(
			-77.067, 14.081, 19.905));
		Global.Jump_End = Array(Vector(43.869, 8.353, -0.169), Vector(-41.615, 10.206, -21.102), Vector(-46.125, 10.467, -22.364), Vector(
			-77.545, 14.109, 18.512));
	}
