rule("Nepal Sanctum")
{
	event
	{
		Ongoing - Global;
	}
	actions
	{
		Global.Path_Nodes = Array(Vector(100.937, 133.350, -65.728), Vector(101.943, 133.550, -58.127), Vector(101.793, 133.550, -52.078),
			Vector(102.048, 133.550, -45.998), Vector(100.780, 133.350, -39.640), Vector(110.440, 133.350, -38.037), Vector(111.115,
			133.550, -31.971), Vector(110.531, 133.550, -17.925), Vector(104.220, 133.550, -17.852), Vector(66.816, 129.350, -65.972),
			Vector(66.647, 129.350, -51.982), Vector(67.160, 129.432, -42.128), Vector(64.699, 129.783, -34.081), Vector(57.076, 129.550,
			-34.212), Vector(80.496, 133.350, -35.839), Vector(70.716, 133.550, -38.062), Vector(89.621, 133.550, -37.829), Vector(80.926,
			133.200, -24.289), Vector(89.294, 133.550, -24.092), Vector(96.607, 133.402, -22.504), Vector(105.149, 133.550, -24.845),
			Vector(103.916, 133.550, -10.669), Vector(97.183, 133.402, -11.898), Vector(96.671, 133.287, -4.636), Vector(93.613, 133.287,
			0.306), Vector(100.301, 133.287, 0.030), Vector(102.952, 133.550, -1.547), Vector(103.126, 133.560, 1.645), Vector(105.236,
			129.550, -0.113), Vector(97.009, 133.287, 4.945), Vector(98.187, 129.550, 0.213), Vector(95.291, 129.550, 3.830), Vector(
			95.929, 129.550, -3.896), Vector(90.285, 129.550, -4.062), Vector(89.920, 129.550, 3.973), Vector(51.066, 131.270, 0.046),
			Vector(67.161, 131.402, -17.926), Vector(72.077, 131.402, -13.935), Vector(83.864, 131.402, -14.035), Vector(90.992, 133.550,
			-18.891), Vector(67.034, 133.549, 0.269), Vector(92.924, 142.919, -49.184), Vector(92.759, 142.941, -54.619), Vector(105.961,
			142.780, -55.224), Vector(106.561, 142.850, -49.123), Vector(81.157, 131.350, -70.880), Vector(80.761, 131.350, -63.765),
			Vector(87.328, 131.550, -67.853), Vector(85.473, 131.350, -59.487), Vector(76.198, 131.350, -59.153), Vector(97.561, 133.402,
			-16.981), Vector(56.956, 129.550, 34.023), Vector(64.514, 129.571, 34.554), Vector(66.185, 129.350, 41.750), Vector(66.427,
			129.350, 52.011), Vector(66.491, 129.350, 65.144), Vector(92.933, 142.876, 49.315), Vector(92.813, 142.920, 54.590), Vector(
			105.292, 142.822, 54.994), Vector(106.124, 142.775, 49.365), Vector(100.985, 133.350, 66.030), Vector(101.974, 133.550,
			58.123), Vector(101.294, 133.550, 52.067), Vector(102.316, 133.550, 45.970), Vector(70.714, 133.550, 37.528), Vector(81.228,
			133.350, 36.344), Vector(89.655, 133.550, 38.081), Vector(96.926, 133.350, 39.968), Vector(107.341, 133.350, 39.341), Vector(
			111.483, 133.558, 33.946), Vector(110.714, 133.550, 18.144), Vector(104.493, 133.550, 17.970), Vector(104.527, 133.550,
			25.815), Vector(104.518, 133.550, 10.460), Vector(96.891, 133.402, 10.342), Vector(96.947, 133.402, 17.760), Vector(97.378,
			133.402, 25.299), Vector(91.549, 133.402, 24.057), Vector(81.577, 133.200, 24.271), Vector(91.529, 133.557, 17.510), Vector(
			92.870, 133.550, 72.230), Vector(81.250, 131.350, 72.719), Vector(81.031, 131.350, 64.707), Vector(76.707, 131.350, 59.044),
			Vector(85.591, 131.350, 59.678), Vector(66.252, 131.402, 19.907), Vector(67.471, 131.402, 13.307), Vector(74.844, 131.402,
			14.780), Vector(83.895, 131.402, 14.921), Vector(98.808, 138.049, 82.664), Vector(98.255, 137.550, 74.400), Vector(104.992,
			137.550, 74.264), Vector(99.924, 137.550, 79.527), Vector(85.241, 131.425, 52.293), Vector(80.460, 131.350, 56.667), Vector(
			76.832, 131.425, 51.690), Vector(81.510, 131.350, 46.901), Vector(85.718, 131.550, -51.246), Vector(81.064, 131.350, -56.604),
			Vector(76.691, 131.425, -52.165), Vector(81.093, 131.350, -47.404), Vector(98.809, 138.020, -82.127), Vector(99.741, 137.550,
			-78.185), Vector(104.565, 137.550, -74.086), Vector(98.320, 137.550, -74.157), Vector(92.716, 133.550, -74.397));
		Global.Healthkits = Array(Vector(51.066, 131.270, 0.046), Vector(98.339, 133.550, -47.811), Vector(81.036, 133.200, -21.036),
			Vector(61.551, 131.550, -20.323), Vector(92.755, 133.438, -0.034), Vector(61.891, 131.550, 20.460), Vector(80.963, 133.200,
			20.959), Vector(98.495, 133.550, 48.578));
		Global.ObjectiveA_Nodes = Array(Vector(87.999, 129.550, 6.376), Vector(85.623, 129.550, 6.349), Vector(82.720, 129.550, 6.315),
			Vector(80.432, 129.550, 6.289), Vector(80.468, 129.558, 3.442), Vector(78.004, 129.550, 3.414), Vector(78.039, 129.550, 0.646),
			Vector(80.679, 129.792, 0.677), Vector(80.712, 129.749, -1.933), Vector(78.163, 129.550, -1.961), Vector(78.192, 129.550,
			-4.169), Vector(80.568, 129.550, -4.108), Vector(80.599, 129.550, -6.718), Vector(82.813, 129.711, 3.601), Vector(85.716,
			129.558, 3.666), Vector(87.945, 129.550, 3.642), Vector(87.913, 129.550, 0.953), Vector(85.982, 129.767, 0.974), Vector(82.813,
			129.917, 1.011), Vector(82.772, 129.822, -2.231), Vector(85.975, 129.714, -2.269), Vector(88.348, 129.550, -2.295), Vector(
			88.303, 129.550, -5.933), Vector(85.575, 129.550, -5.901), Vector(82.672, 129.550, -5.868));
		Global.ObjectiveB_Nodes = Array();
		Global.Chokepoint = Array();
		Global.Staircase_Top = Array(Vector(96.339, 133.550, -65.934), Vector(80.989, 133.550, -39.344), Vector(96.322, 133.550, -51.981),
			Vector(74.322, 131.550, -51.892), Vector(74.315, 131.550, -65.930), Vector(62.941, 131.538, -24.057), Vector(73.396, 133.550,
			-23.983), Vector(93.770, 133.550, -15.338), Vector(83.934, 131.550, -12.083), Vector(84.019, 131.550, 12.251), Vector(93.819,
			133.550, 15.063), Vector(66.960, 133.550, 5.843), Vector(62.925, 133.550, 2.188), Vector(63.005, 133.550, -2.048), Vector(
			66.900, 133.550, -5.700), Vector(73.233, 133.551, 24.095), Vector(96.183, 133.550, 65.990), Vector(74.636, 131.550, 66.028),
			Vector(74.232, 131.550, 52.120), Vector(63.113, 131.550, 24.137), Vector(96.429, 133.550, 52.023), Vector(81.009, 133.550,
			39.684), Vector(81.592, 134.048, 81.717), Vector(95.939, 137.894, 90.572), Vector(81.555, 134.034, -81.252), Vector(96.068,
			137.894, -90.081));
		Global.Staircase_Bottom = Array(Vector(91.682, 131.552, -65.940), Vector(81.176, 131.425, -44.714), Vector(91.128, 131.550,
			-51.969), Vector(69.645, 129.550, -52.001), Vector(69.745, 129.550, -65.972), Vector(57.016, 129.550, -24.190), Vector(68.332,
			131.400, -23.888), Vector(88.320, 131.550, -14.107), Vector(83.717, 129.550, -7.439), Vector(83.939, 129.550, 7.678), Vector(
			88.808, 131.582, 14.561), Vector(66.845, 131.550, 10.764), Vector(58.547, 131.550, 0.907), Vector(58.646, 131.550, -1.559),
			Vector(66.738, 131.550, -10.209), Vector(69.091, 131.731, 24.278), Vector(91.783, 131.570, 65.939), Vector(69.398, 129.550,
			65.898), Vector(69.404, 129.550, 52.313), Vector(57.272, 129.550, 24.268), Vector(91.303, 131.549, 51.897), Vector(80.768,
			131.425, 44.517), Vector(81.533, 131.350, 76.275), Vector(89.720, 133.980, 90.539), Vector(81.531, 131.350, -76.313), Vector(
			89.702, 133.980, -90.086));
		Global.Healthkits_Small = Array(Vector(61.551, 131.550, -20.323), Vector(61.891, 131.550, 20.460));
		Global.Healthkits_Large = Array(Vector(51.066, 131.270, 0.046), Vector(98.339, 133.550, -47.811), Vector(81.036, 133.200, -21.036),
			Vector(92.755, 133.438, -0.034), Vector(80.963, 133.200, 20.959), Vector(98.495, 133.550, 48.578));
		Global.Staircase_Middle = Array(0, 0, 0, 0, 0, 0, 0, 0, 0, 0, 0, 0, 0, 0, 0, 0, 0, 0, 0, 0, 0, 0, 0, 0, 0, 0);
		Global.Jump_Start = Array(Vector(68.923, 133.550, 3.007), Vector(69.189, 133.550, -3.111));
		Global.Jump_End = Array(Vector(70.511, 133.557, 2.934), Vector(70.566, 133.556, -3.082));
	}}

rule("Nepal Shrine")
{
	event
	{
		Ongoing - Global;
	}
actions
{
	Global.Path_Nodes = Array(Vector(-23.480, 23.550, -72.837), Vector(-24.027, 23.550, -63.327), Vector(-31.637, 16.550, -58.433),
		Vector(-31.374, 17.043, -50.566), Vector(-31.074, 17.550, -37.169), Vector(-25.985, 17.550, -36.595), Vector(-22.439, 17.550,
		-30.832), Vector(-69.803, 16.650, -56.444), Vector(-69.682, 16.585, -62.081), Vector(-60.945, 16.350, -65.041), Vector(-49.212,
		20.522, -50.460), Vector(-48.953, 20.753, -45.044), Vector(-46.562, 20.704, -57.243), Vector(-55.312, 16.350, -65.527), Vector(
		-54.539, 16.550, -72.183), Vector(-48.887, 16.550, -77.365), Vector(-35.658, 16.550, -74.917), Vector(-32.666, 16.550,
		-65.536), Vector(-41.872, 16.550, -60.914), Vector(-49.557, 16.551, -62.762), Vector(-48.455, 16.550, -71.166), Vector(-40.067,
		16.550, -70.251), Vector(-21.989, 18.278, -25.777), Vector(-27.896, 18.550, -19.075), Vector(-32.181, 18.550, -18.814), Vector(
		-34.557, 18.545, -18.872), Vector(-24.825, 18.734, -10.658), Vector(-25.283, 18.530, -7.514), Vector(-50.188, 12.550, -48.356),
		Vector(-49.973, 12.350, -40.033), Vector(-40.159, 12.551, -47.884), Vector(-36.729, 12.350, -42.057), Vector(-34.325, 12.352,
		-37.061), Vector(-26.415, 11.550, -17.105), Vector(-33.971, 11.550, -18.406), Vector(-44.119, 11.550, -30.140), Vector(-32.926,
		11.648, -30.083), Vector(-60.240, 12.550, -33.746), Vector(-66.134, 12.550, -34.098), Vector(-63.229, 12.550, -28.984), Vector(
		-63.200, 12.350, -38.328), Vector(-62.750, 12.350, -45.341), Vector(-56.320, 12.350, -39.735), Vector(-75.653, 15.564, 0.033),
		Vector(-70.062, 15.564, 5.376), Vector(-70.388, 15.564, -5.106), Vector(-58.556, 14.550, 0.153), Vector(-38.260, 14.550,
		-0.266), Vector(-33.356, 14.550, 4.945), Vector(-33.531, 14.550, -4.891), Vector(-28.665, 14.550, -0.212), Vector(-25.065,
		18.530, 7.358), Vector(-25.596, 18.550, 11.026), Vector(-32.265, 18.550, 11.035), Vector(-32.196, 18.550, 19.124), Vector(
		-35.178, 18.552, 18.857), Vector(-23.394, 23.549, 71.156), Vector(-23.829, 23.549, 62.713), Vector(-48.805, 20.757, 44.935),
		Vector(-50.741, 20.522, 49.115), Vector(-47.457, 20.529, 56.878), Vector(-22.017, 17.550, 31.570), Vector(-21.993, 18.406,
		25.532), Vector(-25.939, 18.550, 18.909), Vector(-40.061, 12.552, 48.026), Vector(-50.080, 12.549, 48.379), Vector(-49.867,
		12.350, 40.681), Vector(-37.617, 12.350, 41.091), Vector(-34.483, 12.425, 36.764), Vector(-26.114, 12.550, 36.945), Vector(
		-26.138, 11.668, 29.938), Vector(-43.805, 11.550, 29.808), Vector(-34.297, 11.649, 30.165), Vector(-25.929, 11.550, 17.410),
		Vector(-34.389, 11.550, 17.939), Vector(-50.296, 11.365, -27.961), Vector(-43.578, 11.352, -24.011), Vector(-39.242, 11.352,
		-19.104), Vector(-44.513, 11.550, -15.891), Vector(-49.868, 11.352, -20.605), Vector(-55.193, 11.550, -16.048), Vector(-56.182,
		11.350, -23.713), Vector(-61.316, 11.350, -14.447), Vector(-61.788, 11.350, -21.619), Vector(-67.793, 11.550, -13.596), Vector(
		-42.352, 11.426, 23.878), Vector(-39.463, 11.350, 18.001), Vector(-45.927, 11.351, 17.061), Vector(-49.926, 11.365, 28.223),
		Vector(-48.901, 11.350, 20.779), Vector(-56.906, 11.350, 23.648), Vector(-55.791, 11.520, 15.961), Vector(-62.232, 11.350,
		13.950), Vector(-61.945, 11.350, 21.893), Vector(-68.672, 11.550, 14.089), Vector(-62.559, 12.350, 47.008), Vector(-59.734,
		12.550, 34.342), Vector(-66.351, 12.550, 34.071), Vector(-63.156, 12.550, 28.709), Vector(-62.531, 12.350, 38.144), Vector(
		-56.305, 12.350, 41.129), Vector(-61.152, 12.435, 43.505), Vector(-31.221, 16.550, 57.995), Vector(-30.832, 17.091, 50.521),
		Vector(-30.746, 17.550, 36.918), Vector(-25.451, 17.550, 36.991), Vector(-62.908, 16.350, 64.836), Vector(-57.238, 16.350,
		64.698), Vector(-57.742, 16.550, 71.989), Vector(-48.594, 16.350, 65.905), Vector(-51.687, 16.550, 73.768), Vector(-50.001,
		16.550, 80.323), Vector(-45.507, 16.550, 73.945), Vector(-40.120, 16.550, 69.736), Vector(-39.262, 16.550, 76.840), Vector(
		-32.941, 16.550, 74.938), Vector(-32.154, 16.550, 67.274), Vector(-36.097, 16.350, 61.611), Vector(-44.188, 16.550, 61.230),
		Vector(-51.766, 16.580, 59.717), Vector(-25.515, 23.371, -85.620), Vector(-24.027, 22.942, -78.611), Vector(-25.107, 23.396,
		86.150), Vector(-24.136, 22.867, 78.760));
	Global.Healthkits = Array(Vector(-46.141, 12.550, -48.289), Vector(-23.682, 11.550, -18.270), Vector(-60.013, 12.550, -28.869),
		Vector(-80.153, 9.550, 0.085), Vector(-43.527, 12.550, 48.222), Vector(-23.142, 11.550, 20.141), Vector(-59.163, 12.550,
		30.077), Vector(-36.157, 12.550, -35.729), Vector(-36.702, 12.550, 35.466));
	Global.ObjectiveA_Nodes = Array(Vector(-50.079, 14.402, -6.390), Vector(-52.982, 14.402, -6.368), Vector(-56.149, 14.402, -6.368),
		Vector(-56.149, 14.402, -3.284), Vector(-50.076, 14.560, -3.284), Vector(-47.085, 14.402, -3.284), Vector(-43.742, 14.402,
		-3.284), Vector(-43.742, 14.550, -6.891), Vector(-47.261, 14.550, -6.891), Vector(-56.232, 14.400, 0.060), Vector(-52.890,
		14.678, 0.023), Vector(-52.848, 14.402, 3.503), Vector(-56.188, 14.402, 3.540), Vector(-56.146, 14.550, 6.940), Vector(-52.798,
		14.550, 6.946), Vector(-49.822, 14.550, 6.846), Vector(-49.822, 14.402, 3.591), Vector(-46.991, 14.402, 6.551), Vector(-43.613,
		14.402, 6.551), Vector(-43.613, 14.402, 3.862), Vector(-46.868, 14.402, 3.862), Vector(-46.694, 14.685, 0.447), Vector(-43.439,
		14.402, 0.483), Vector(-52.896, 14.402, -3.771));
	Global.ObjectiveB_Nodes = Array();
	Global.Chokepoint = Array();
	Global.Staircase_Top = Array(Vector(-36.523, 16.550, -58.035), Vector(-24.152, 23.550, -51.773), Vector(-20.066, 23.550, -47.117),
		Vector(-62.488, 16.425, -60.673), Vector(-56.878, 20.550, -48.990), Vector(-39.535, 22.582, -51.027), Vector(-46.335, 12.594,
		-36.535), Vector(-53.539, 12.550, -36.409), Vector(-26.106, 12.550, -36.935), Vector(-24.915, 14.540, -3.149), Vector(-72.703,
		13.550, -28.008), Vector(-73.140, 13.550, -23.582), Vector(-73.085, 11.546, -10.237), Vector(-72.972, 11.542, 10.426), Vector(
		-62.041, 14.550, 2.942), Vector(-65.944, 14.550, 2.794), Vector(-65.729, 14.550, -2.754), Vector(-61.830, 14.550, -2.878),
		Vector(-71.003, 15.564, 2.415), Vector(-71.339, 15.564, -2.428), Vector(-50.220, 14.550, 8.779), Vector(-50.132, 14.550,
		-8.352), Vector(-37.584, 14.550, -7.019), Vector(-37.961, 14.550, 6.828), Vector(-25.023, 14.549, 2.997), Vector(-23.825,
		23.550, 51.277), Vector(-19.717, 23.550, 48.460), Vector(-36.510, 16.550, 58.190), Vector(-56.805, 20.550, 49.063), Vector(
		-39.904, 22.550, 51.086), Vector(-62.551, 16.425, 60.772), Vector(-53.686, 12.550, 36.380), Vector(-46.580, 12.550, 36.396),
		Vector(-72.968, 13.550, 23.387), Vector(-72.736, 13.551, 27.837), Vector(-42.691, 19.393, -85.021), Vector(-27.864, 23.243,
		-93.863), Vector(-42.762, 19.403, 85.247), Vector(-28.498, 23.243, 93.888));
	Global.Staircase_Bottom = Array(Vector(-36.536, 12.551, -49.540), Vector(-30.693, 22.582, -51.055), Vector(-20.495, 17.550,
		-34.475), Vector(-62.509, 12.550, -51.852), Vector(-56.938, 16.550, -60.601), Vector(-44.396, 20.517, -50.928), Vector(-46.461,
		11.550, -32.536), Vector(-53.607, 11.550, -32.572), Vector(-26.327, 11.678, -30.235), Vector(-24.786, 11.550, -9.770), Vector(
		-67.736, 12.557, -28.068), Vector(-73.150, 11.549, -18.397), Vector(-73.233, 9.570, -5.473), Vector(-73.263, 9.645, 5.927),
		Vector(-62.258, 11.683, 9.162), Vector(-66.248, 11.581, 9.313), Vector(-65.710, 11.684, -9.228), Vector(-61.620, 11.550,
		-9.438), Vector(-66.754, 14.550, 1.149), Vector(-67.093, 14.550, -1.407), Vector(-50.076, 11.550, 15.291), Vector(-50.288,
		11.550, -15.346), Vector(-40.880, 11.958, -11.300), Vector(-40.578, 12.148, 10.754), Vector(-25.143, 11.550, 9.267), Vector(
		-30.782, 22.550, 50.738), Vector(-19.668, 17.550, 35.180), Vector(-36.562, 12.571, 49.787), Vector(-57.083, 16.550, 60.504),
		Vector(-44.219, 20.571, 51.171), Vector(-62.376, 12.550, 51.925), Vector(-53.535, 11.550, 33.651), Vector(-46.699, 11.550,
		33.464), Vector(-73.036, 11.550, 18.613), Vector(-66.934, 12.550, 28.029), Vector(-42.600, 16.550, -79.312), Vector(-34.546,
		19.329, -93.762), Vector(-42.720, 16.550, 79.694), Vector(-34.637, 19.329, 93.896));
	Global.Healthkits_Small = Array(Vector(-46.141, 12.550, -48.289), Vector(-43.527, 12.550, 48.222));
	Global.Healthkits_Large = Array(Vector(-23.682, 11.550, -18.270), Vector(-60.013, 12.550, -28.869), Vector(-80.153, 9.550, 0.085),
		Vector(-23.142, 11.550, 20.141), Vector(-59.163, 12.550, 30.077), Vector(-36.157, 12.550, -35.729), Vector(-36.702, 12.550,
		35.466));
	Global.Staircase_Middle = Array(0, 0, 0, 0, 0, 0, 0, 0, 0, 0, 0, 0, 0, 0, 0, 0, 0, 0, 0, 0, 0, 0, Vector(-39.167, 13.725, -9.776),
		Vector(-38.629, 13.729, 9.857), 0, 0, 0, 0, 0, 0, 0, 0, 0, 0, 0, 0, 0, 0, 0);
	Global.Jump_Start = Array();
	Global.Jump_End = Array();
}}

rule("Nepal Village")
{
	event
	{
		Ongoing - Global;
	}
actions
{
	Global.Path_Nodes = Array(Vector(-171.711, -97.777, -69.720), Vector(-161.898, -97.336, -67.110), Vector(-170.906, -97.055,
		-60.588), Vector(-189.971, -96.769, -63.745), Vector(-188.104, -96.539, -56.405), Vector(-187.745, -96.555, -51.556), Vector(
		-178.056, -95.800, -50.428), Vector(-177.582, -88.450, -37.890), Vector(-173.364, -88.436, -41.807), Vector(-167.554, -88.574,
		-41.692), Vector(-160.830, -88.449, -41.398), Vector(-154.625, -89.185, -49.041), Vector(-151.245, -90.066, -54.326), Vector(
		-154.085, -90.370, -62.994), Vector(-162.086, -87.788, -30.563), Vector(-166.077, -87.543, -30.987), Vector(-162.425, -86.979,
		-27.513), Vector(-162.207, -86.450, -21.030), Vector(-157.569, -87.426, -3.267), Vector(-161.760, -87.649, 0.579), Vector(
		-157.815, -87.578, 4.150), Vector(-175.701, -86.464, 0.248), Vector(-182.067, -86.420, -0.061), Vector(-190.281, -85.450,
		4.977), Vector(-194.771, -85.450, 4.743), Vector(-195.024, -86.091, 7.806), Vector(-202.840, -86.094, 7.883), Vector(-199.836,
		-85.450, 5.105), Vector(-189.896, -85.450, -4.833), Vector(-195.319, -85.450, -4.936), Vector(-194.636, -86.127, -7.863),
		Vector(-202.739, -86.011, -7.904), Vector(-187.077, -86.234, -7.991), Vector(-187.153, -85.897, 7.588), Vector(-187.043,
		-85.602, -0.387), Vector(-200.096, -85.450, -0.819), Vector(-199.324, -85.450, -5.389), Vector(-203.273, -85.736, -0.198),
		Vector(-189.457, -85.450, -0.218), Vector(-210.312, -86.294, 0.050), Vector(-220.450, -86.656, 0.225), Vector(-218.297,
		-90.147, -24.205), Vector(-216.928, -90.449, -19.303), Vector(-214.738, -90.449, -15.272), Vector(-211.100, -89.568, -14.584),
		Vector(-217.774, -94.439, -27.954), Vector(-198.447, -93.432, -43.813), Vector(-193.819, -92.796, -41.806), Vector(-189.734,
		-92.424, -35.210), Vector(-199.275, -92.544, -37.246), Vector(-200.620, -92.427, -32.879), Vector(-188.264, -92.474, -30.332),
		Vector(-179.257, -92.554, -30.267), Vector(-197.754, -92.392, -29.279), Vector(-192.142, -92.398, -23.391), Vector(-186.722,
		-92.392, -26.485), Vector(-179.777, -88.435, -32.771), Vector(-181.048, -88.552, -29.680), Vector(-170.963, -90.450, -19.293),
		Vector(-162.532, -90.450, -19.537), Vector(-162.566, -90.478, -13.733), Vector(-171.055, -90.493, -13.698), Vector(-197.819,
		-92.350, -16.465), Vector(-202.221, -92.401, -16.582), Vector(-203.059, -92.450, -21.266), Vector(-207.365, -92.713, -13.335),
		Vector(-203.229, -92.404, -9.917), Vector(-208.339, -92.692, -5.589), Vector(-203.312, -92.300, -0.549), Vector(-203.097,
		-92.403, 9.966), Vector(-208.230, -92.704, 6.272), Vector(-212.907, -92.450, 6.139), Vector(-213.369, -92.450, -5.985), Vector(
		-213.203, -92.450, -0.333), Vector(-220.053, -92.473, 5.913), Vector(-219.489, -92.488, -6.228), Vector(-219.711, -93.440,
		-11.444), Vector(-219.376, -93.384, 10.977), Vector(-220.125, -92.022, 0.203), Vector(-211.233, -89.629, 14.937), Vector(
		-216.333, -90.449, 18.044), Vector(-218.292, -90.145, 23.860), Vector(-202.070, -92.450, 21.008), Vector(-202.079, -92.416,
		15.920), Vector(-207.085, -92.622, 14.091), Vector(-184.957, -92.504, -0.044), Vector(-185.775, -92.401, -8.268), Vector(
		-194.956, -92.442, -9.339), Vector(-187.414, -92.546, -15.182), Vector(-180.981, -92.582, -5.143), Vector(-177.884, -92.370,
		-0.228), Vector(-170.922, -90.450, 20.097), Vector(-171.338, -90.479, 14.395), Vector(-162.766, -90.450, 19.339), Vector(
		-162.434, -90.507, 14.227), Vector(-167.976, -90.398, -9.130), Vector(-167.271, -90.448, 8.806), Vector(-192.719, -92.353,
		22.874), Vector(-187.721, -92.590, 14.829), Vector(-187.686, -92.215, 7.989), Vector(-195.403, -92.452, 9.601), Vector(
		-196.162, -92.474, 16.511), Vector(-192.139, -92.518, 12.229), Vector(-160.068, -97.014, 66.370), Vector(-169.321, -97.539,
		60.105), Vector(-174.042, -96.600, 61.510), Vector(-184.739, -96.732, 65.561), Vector(-181.721, -97.587, 69.787), Vector(
		-166.833, -97.557, 65.623), Vector(-175.836, -97.833, 71.149), Vector(-178.235, -95.811, 50.294), Vector(-189.079, -96.538,
		52.331), Vector(-188.731, -96.538, 58.479), Vector(-188.828, -96.539, 62.365), Vector(-196.415, -96.824, 63.136), Vector(
		-192.837, -92.771, 43.089), Vector(-198.726, -93.407, 44.075), Vector(-195.650, -92.924, 39.340), Vector(-200.358, -92.507,
		36.784), Vector(-187.522, -92.402, 34.246), Vector(-187.873, -92.471, 29.232), Vector(-194.172, -92.715, 28.224), Vector(
		-178.830, -92.524, 30.470), Vector(-218.823, -94.453, 28.148), Vector(-168.789, -88.576, 41.807), Vector(-159.776, -88.497,
		42.145), Vector(-155.309, -89.091, 48.286), Vector(-152.057, -89.895, 53.298), Vector(-161.033, -87.873, 34.533), Vector(
		-163.075, -87.054, 27.502), Vector(-160.097, -86.450, 20.711), Vector(-157.528, -87.565, 8.732), Vector(-177.826, -88.450,
		36.367), Vector(-180.400, -88.425, 32.688), Vector(-180.717, -88.552, 28.630), Vector(-148.133, -90.348, 68.656), Vector(
		-149.313, -90.381, -68.816), Vector(-149.935, -90.517, -61.218), Vector(-192.329, -92.679, -17.900), Vector(-151.760, -90.530,
		60.648));
	Global.Healthkits = Array(Vector(-162.058, -90.450, -21.384), Vector(-216.874, -94.409, -29.204), Vector(-176.223, -92.486,
		-27.342), Vector(-220.125, -92.022, 0.203), Vector(-161.180, -90.450, 22.079), Vector(-176.892, -92.549, 27.931), Vector(
		-216.169, -94.385, 29.513), Vector(-149.262, -90.422, -57.009), Vector(-148.484, -90.273, 56.976), Vector(-194.435, -92.572,
		34.825), Vector(-194.398, -92.510, -34.396));
	Global.ObjectiveA_Nodes = Array(Vector(-190.188, -92.310, -0.155), Vector(-190.104, -92.310, -2.883), Vector(-190.021, -92.150,
		-5.435), Vector(-190.274, -92.310, 2.273), Vector(-190.364, -92.310, 5.001), Vector(-193.131, -92.310, 4.929), Vector(-193.039,
		-92.310, 2.110), Vector(-192.963, -92.310, -0.175), Vector(-192.874, -92.310, -2.993), Vector(-192.847, -92.140, -5.369),
		Vector(-195.772, -92.140, -5.406), Vector(-195.800, -92.310, -3.030), Vector(-195.832, -92.310, -0.300), Vector(-195.858,
		-92.310, 1.988), Vector(-195.892, -92.310, 4.842), Vector(-198.501, -92.310, 4.809), Vector(-198.471, -92.310, 2.084), Vector(
		-198.439, -92.310, -0.559), Vector(-198.409, -92.310, -3.113), Vector(-198.381, -92.150, -5.577), Vector(-200.603, -92.150,
		-5.396), Vector(-200.705, -92.150, -3.111), Vector(-200.813, -92.150, -0.647), Vector(-200.930, -92.150, 1.992), Vector(
		-200.987, -92.150, 4.898));
	Global.ObjectiveB_Nodes = Array();
	Global.Chokepoint = Array();
	Global.Staircase_Top = Array(Vector(-172.377, -86.468, 2.126), Vector(-172.347, -86.467, -2.245), Vector(-165.187, -94.364,
		-76.041), Vector(-147.989, -90.507, -77.240), Vector(-159.450, -89.107, -46.771), Vector(-179.733, -88.450, -41.947), Vector(
		-194.055, -97.221, -67.889), Vector(-178.042, -96.721, -62.705), Vector(-178.042, -96.721, -62.705), Vector(-184.220, -96.730,
		-65.723), Vector(-190.802, -93.138, -46.030), Vector(-172.098, -92.858, -30.337), Vector(-202.716, -92.499, -30.153), Vector(
		-196.252, -93.910, -48.005), Vector(-199.723, -93.750, -47.677), Vector(-156.681, -86.450, -16.410), Vector(-156.765, -86.450,
		16.162), Vector(-161.988, -87.450, 3.828), Vector(-162.073, -87.447, -3.854), Vector(-220.223, -86.656, 9.769), Vector(
		-220.326, -86.656, -9.883), Vector(-214.207, -90.450, -22.065), Vector(-177.169, -90.583, -13.707), Vector(-171.853, -90.460,
		-8.485), Vector(-179.419, -88.450, -20.310), Vector(-159.836, -89.153, 47.219), Vector(-179.795, -88.450, 41.959), Vector(
		-178.875, -88.450, 19.946), Vector(-177.144, -90.527, 14.194), Vector(-172.191, -90.450, 8.690), Vector(-146.559, -90.507,
		77.183), Vector(-163.469, -94.344, 76.039), Vector(-193.806, -97.483, 69.489), Vector(-195.479, -93.697, 47.250), Vector(
		-198.508, -93.854, 47.411), Vector(-191.295, -93.048, 45.754), Vector(-171.472, -93.005, 30.880), Vector(-202.164, -92.487,
		30.079), Vector(-213.883, -90.450, 22.009));
	Global.Staircase_Bottom = Array(Vector(-169.760, -87.436, 2.160), Vector(-169.573, -87.438, -2.409), Vector(-168.153, -97.835,
		-70.642), Vector(-153.799, -94.421, -80.219), Vector(-159.074, -96.551, -63.609), Vector(-189.761, -92.450, -41.880), Vector(
		-188.775, -100.638, -82.142), Vector(-175.310, -97.510, -66.863), Vector(-175.310, -97.510, -66.863), Vector(-182.578, -97.524,
		-69.329), Vector(-176.381, -95.588, -45.851), Vector(-163.731, -96.949, -56.322), Vector(-213.262, -94.270, -28.874), Vector(
		-193.528, -96.931, -58.489), Vector(-196.009, -96.956, -59.633), Vector(-156.675, -87.528, -13.256), Vector(-156.717, -87.564,
		13.194), Vector(-162.155, -90.388, 10.138), Vector(-162.341, -90.380, -10.212), Vector(-220.030, -90.660, 18.322), Vector(
		-220.251, -90.658, -18.161), Vector(-207.929, -92.432, -21.912), Vector(-182.874, -92.234, -13.469), Vector(-176.338, -92.346,
		-8.492), Vector(-174.447, -90.450, -20.078), Vector(-157.468, -96.401, 63.111), Vector(-189.546, -92.450, 42.017), Vector(
		-174.299, -90.450, 20.015), Vector(-183.527, -92.352, 13.353), Vector(-176.132, -92.337, 8.578), Vector(-152.266, -94.421,
		79.999), Vector(-166.256, -97.836, 70.365), Vector(-188.492, -100.684, 82.109), Vector(-193.303, -96.762, 57.237), Vector(
		-196.911, -96.798, 57.935), Vector(-177.427, -95.452, 45.984), Vector(-163.886, -96.946, 55.829), Vector(-213.792, -94.304,
		29.318), Vector(-207.482, -92.450, 21.706));
	Global.Healthkits_Small = Array(Vector(-176.223, -92.486, -27.342), Vector(-220.125, -92.022, 0.203), Vector(-176.892, -92.549,
		27.931), Vector(-149.262, -90.422, -57.009), Vector(-148.484, -90.273, 56.976));
	Global.Healthkits_Large = Array(Vector(-162.058, -90.450, -21.384), Vector(-216.874, -94.409, -29.204), Vector(-161.180, -90.450,
		22.079), Vector(-216.169, -94.385, 29.513), Vector(-194.435, -92.572, 34.825), Vector(-194.398, -92.510, -34.396));
	Global.Staircase_Middle = Array(0, 0, 0, 0, Vector(-157.684, -94.487, -57.503), 0, 0, 0, 0, 0, 0, Vector(-168.437, -95.452,
		-44.509), 0, 0, 0, 0, 0, 0, 0, 0, 0, 0, 0, 0, 0, Vector(-157.405, -93.818, 56.282), 0, 0, 0, 0, 0, 0, 0, 0, 0, 0, Vector(
		-168.565, -95.479, 44.588), 0, 0);
	Global.Jump_Start = Array();
	Global.Jump_End = Array();
}}
