	actions
	{
		Global.Path_Nodes = Array(Vector(8.759, -2.440, -33.421), Vector(2.825, -2.390, -28.492), Vector(8.667, -2.440, -24.282), Vector(
			11.720, -2.440, -28.870), Vector(16.786, -2.437, -33.191), Vector(16.439, -2.440, -24.071), Vector(18.271, -2.440, -21.887),
			Vector(17.337, -2.550, -18.159), Vector(3.075, -2.440, -23.034), Vector(2.609, -2.550, -17.159), Vector(-114.642, 6.300,
			131.420), Vector(-116.572, 6.300, 126.807), Vector(-106.423, 6.300, 133.374), Vector(-102.838, 6.300, 130.265), Vector(2.974,
			1.450, 13.073), Vector(3.291, 1.452, 21.572), Vector(10.827, 1.752, 21.414), Vector(2.973, 1.454, 28.368), Vector(-4.854,
			1.552, 28.300), Vector(-5.339, 1.556, 35.114), Vector(2.766, 1.459, 35.334), Vector(10.914, 1.556, 35.259), Vector(11.376,
			1.550, 27.917), Vector(19.583, 1.592, 28.254), Vector(25.176, 1.550, 35.346), Vector(17.404, 1.550, 41.666), Vector(12.011,
			1.556, 43.696), Vector(7.153, 1.460, 41.964), Vector(-2.853, 1.460, 42.526), Vector(3.763, 1.460, 47.777), Vector(-1.574,
			1.555, 49.992), Vector(8.138, 1.557, 48.537), Vector(0.780, 1.926, 55.071), Vector(7.425, 1.846, 54.022), Vector(-1.699, 2.364,
			59.065), Vector(-6.844, 3.209, 64.067), Vector(-12.097, 3.550, 60.525), Vector(-7.455, 3.449, 69.882), Vector(-12.074, 3.591,
			72.151), Vector(-11.483, 3.550, 77.904), Vector(9.778, 2.502, 59.659), Vector(13.126, 1.843, 53.886), Vector(13.115, 3.309,
			64.812), Vector(16.893, 2.587, 58.888), Vector(20.425, 3.526, 65.233), Vector(19.956, 3.548, 71.517), Vector(13.753, 3.449,
			71.261), Vector(19.025, 3.550, 78.639), Vector(25.028, 3.551, 79.059), Vector(13.429, 3.550, 78.572), Vector(25.400, 3.550,
			62.613), Vector(26.820, 3.550, 56.250), Vector(30.342, 3.550, 61.533), Vector(27.563, 3.540, 65.636), Vector(26.786, 3.551,
			74.584), Vector(30.975, 3.551, 74.135), Vector(32.106, 3.551, 83.717), Vector(26.993, 3.551, 83.769), Vector(39.338, 3.551,
			78.534), Vector(43.911, 3.550, 78.701), Vector(44.041, 3.550, 67.281), Vector(33.638, 3.549, 67.521), Vector(31.458, 3.540,
			68.074), Vector(26.764, 7.550, 63.354), Vector(26.367, 7.550, 68.130), Vector(29.411, 7.573, 71.853), Vector(24.196, 7.550,
			69.220), Vector(21.953, 7.550, 60.766), Vector(12.220, 8.043, 93.098), Vector(12.048, 8.043, 82.864), Vector(6.913, 8.041,
			82.592), Vector(-0.697, 8.043, 81.127), Vector(-0.698, 7.574, 88.382), Vector(7.564, 7.574, 88.767), Vector(-19.509, 7.550,
			58.505), Vector(-6.960, 7.616, 48.438), Vector(-3.663, 7.615, 53.258), Vector(-6.956, 7.615, 57.636), Vector(-9.911, 7.760,
			55.047), Vector(-12.421, 7.670, 58.341), Vector(-15.858, 7.600, 59.490), Vector(-19.581, 7.550, 61.492), Vector(-26.447, 7.550,
			55.725), Vector(-29.051, 7.550, 58.653), Vector(-22.851, 7.550, 64.791), Vector(17.673, -3.550, 16.565), Vector(2.845, -3.550,
			16.570), Vector(-8.860, -3.550, 16.521), Vector(-13.869, -3.550, 9.529), Vector(-16.323, -0.450, 18.887), Vector(-16.938,
			-0.450, 21.773), Vector(-29.047, -0.450, 21.672), Vector(-30.253, -0.450, 15.688), Vector(-31.191, -0.450, 7.767), Vector(
			-19.517, -2.450, 0.832), Vector(-19.008, -2.550, -6.198), Vector(-13.146, -2.550, -28.617), Vector(-6.685, -2.450, -15.548),
			Vector(-8.334, -2.550, -4.641), Vector(-15.606, -2.550, -5.330), Vector(-12.173, -2.550, -10.053), Vector(-1.651, -2.550,
			-6.941), Vector(8.125, -2.550, -6.550), Vector(14.366, -2.550, -5.459), Vector(22.323, -2.550, -5.308), Vector(18.527, -2.550,
			-10.224), Vector(11.997, -2.450, -15.994), Vector(12.705, -2.450, -9.164), Vector(19.215, -2.450, 27.344), Vector(19.294,
			0.497, 89.539), Vector(12.065, 0.402, 93.017), Vector(5.053, 0.513, 92.961), Vector(2.021, 0.529, 99.823), Vector(-8.211,
			0.550, 100.611), Vector(-8.096, 0.554, 108.155), Vector(-0.757, 0.548, 107.142), Vector(-21.655, 1.839, 112.909), Vector(
			-25.865, 1.839, 109.646), Vector(-29.972, 1.839, 100.763), Vector(-37.486, 1.345, 99.824), Vector(-18.919, 3.627, 97.298),
			Vector(-40.902, 1.345, 87.895), Vector(-44.499, 1.356, 90.297), Vector(-45.578, 1.360, 97.233), Vector(-51.475, 1.355, 99.104),
			Vector(-54.625, 1.358, 95.885), Vector(-54.968, 1.358, 88.050), Vector(-49.500, 1.358, 87.692), Vector(-53.246, 1.345,
			104.024), Vector(-49.002, 1.295, 110.009), Vector(-41.544, 1.345, 112.888), Vector(-46.373, 1.345, 114.960), Vector(-46.104,
			1.345, 118.899), Vector(-50.207, 1.345, 120.213), Vector(-49.832, 1.345, 115.407), Vector(-54.166, 1.345, 128.838), Vector(
			-48.891, 1.345, 134.104), Vector(-59.778, 2.297, 139.986), Vector(-49.514, 1.400, 136.802), Vector(-41.273, -0.663, 145.518),
			Vector(-66.291, 2.297, 137.171), Vector(-65.483, 2.297, 130.912), Vector(-61.473, 2.299, 126.007), Vector(-73.694, 2.447,
			130.119), Vector(-73.989, 2.297, 137.298), Vector(-63.576, 3.300, 152.321), Vector(-77.019, 3.300, 148.514), Vector(-84.554,
			3.300, 146.954), Vector(-72.590, 3.300, 157.635), Vector(-82.403, 1.300, 165.848), Vector(-89.712, 1.300, 163.627), Vector(
			-88.520, 1.300, 159.414), Vector(-77.218, 1.300, 167.243), Vector(-92.316, 1.300, 153.004), Vector(-87.741, 1.300, 136.705),
			Vector(-71.896, 8.125, 105.410), Vector(-70.874, 8.325, 112.357), Vector(-57.298, 6.270, 92.756), Vector(-45.368, 6.068,
			93.306), Vector(-48.398, 6.072, 88.142), Vector(-33.898, 7.356, 96.448), Vector(-22.634, 7.550, 94.987), Vector(-22.727, 7.550,
			90.070), Vector(-26.796, 7.550, 85.825), Vector(-29.738, 13.364, 88.074), Vector(-43.024, 10.220, 101.263), Vector(-78.440,
			1.800, 70.511), Vector(-72.758, 1.800, 65.134), Vector(-66.839, 1.800, 71.049), Vector(-72.675, 1.800, 76.616), Vector(-76.023,
			1.800, 78.243), Vector(-77.308, 2.339, 82.694), Vector(-65.033, 1.800, 67.907), Vector(-58.726, 1.300, 65.916), Vector(-67.014,
			1.889, 76.007), Vector(-86.614, 2.300, 82.538), Vector(-90.131, 2.300, 94.173), Vector(-82.438, 2.300, 96.758), Vector(-79.003,
			2.339, 97.088), Vector(-70.513, 1.932, 98.541), Vector(-66.818, 1.792, 82.526), Vector(-63.492, 1.792, 79.814), Vector(-59.606,
			1.792, 76.271), Vector(-78.012, 2.341, 90.636), Vector(-32.657, 1.345, 67.291), Vector(-40.840, 1.345, 63.658), Vector(-39.931,
			1.345, 70.506), Vector(-47.106, 1.345, 72.542), Vector(-47.992, 1.345, 63.323), Vector(-53.943, 1.300, 65.294), Vector(-16.346,
			3.729, 78.314), Vector(-20.188, 3.549, 69.771), Vector(-15.309, 3.549, 62.770), Vector(-87.576, 0.297, 116.014), Vector(
			-94.154, 0.299, 113.898), Vector(-92.160, 0.299, 106.465), Vector(-94.304, 0.299, 102.199), Vector(-85.051, 0.300, 109.099),
			Vector(-102.806, 0.298, 147.727), Vector(-108.357, 0.298, 146.230), Vector(-134.912, 2.297, 139.057), Vector(-141.063, 2.297,
			137.508), Vector(-139.329, 2.297, 130.022), Vector(-133.132, 2.300, 147.707), Vector(-134.043, 2.300, 151.703), Vector(
			-115.595, 6.297, 145.658), Vector(-107.646, 6.297, 145.199), Vector(-102.691, 6.297, 147.229), Vector(-101.229, 6.297,
			142.266), Vector(-106.537, 6.297, 140.703), Vector(-113.437, 0.447, 131.519), Vector(-109.770, 0.347, 130.342), Vector(
			-100.144, 0.297, 125.432), Vector(-113.598, -2.700, 120.117), Vector(-110.576, -2.700, 113.613), Vector(-126.039, 3.300,
			92.876), Vector(-132.634, 3.300, 95.726), Vector(-133.842, 2.298, 101.470), Vector(-139.640, 2.298, 105.601), Vector(-138.208,
			2.298, 111.797), Vector(-143.217, 2.298, 110.027), Vector(-145.449, 2.298, 115.529), Vector(-148.703, 2.300, 117.779), Vector(
			-155.479, 2.300, 115.600), Vector(-152.643, 2.300, 102.053), Vector(-152.991, 2.300, 91.953), Vector(-149.490, 2.300, 90.298),
			Vector(-168.688, 3.198, 97.324), Vector(-159.068, 2.600, 100.027), Vector(-123.917, 1.297, 103.774));
		Global.Healthkits = Array(Vector(2.985, -3.550, 18.946), Vector(-23.414, -0.450, 23.217), Vector(15.235, -2.450, 31.258), Vector(
			16.529, 1.550, 34.935), Vector(-37.583, 6.541, 51.410), Vector(-22.950, 3.549, 70.974), Vector(27.752, 3.550, 50.308), Vector(
			35.352, 3.551, 81.797), Vector(5.091, 0.513, 88.762), Vector(-26.859, 1.838, 112.222), Vector(-45.985, 1.360, 97.669), Vector(
			-76.514, 1.800, 66.844), Vector(-84.019, 2.339, 85.713), Vector(-69.135, 3.300, 149.064), Vector(-88.199, 1.300, 145.400),
			Vector(-108.785, 0.317, 126.326), Vector(-110.567, -2.700, 113.812), Vector(-137.992, 2.300, 145.803), Vector(-122.438, 3.300,
			89.186), Vector(-10.161, 1.550, 27.880), Vector(-39.354, 1.404, 120.499));
		Global.ObjectiveA_Nodes = Array(Vector(9.055, 3.550, 78.682), Vector(6.063, 3.550, 78.660), Vector(2.984, 3.550, 78.591), Vector(
			-0.095, 3.550, 78.521), Vector(-0.031, 3.450, 75.866), Vector(3.048, 3.450, 75.936), Vector(6.127, 3.450, 76.005), Vector(
			9.027, 3.450, 76.069), Vector(9.095, 3.450, 73.302), Vector(6.283, 3.450, 73.239), Vector(3.113, 3.450, 73.169), Vector(-0.054,
			3.450, 73.099), Vector(0.020, 3.549, 70.048), Vector(3.011, 3.549, 70.114), Vector(6.178, 3.549, 70.150), Vector(9.166, 3.549,
			70.184), Vector(6.266, 3.550, 66.912), Vector(3.271, 3.550, 66.753), Vector(0.014, 3.550, 66.610), Vector(-2.927, 3.450,
			78.547), Vector(-2.973, 3.450, 75.966), Vector(-3.001, 3.450, 73.326), Vector(-3.039, 3.548, 69.754), Vector(-2.701, 3.548,
			66.697));
		Global.ObjectiveB_Nodes = Array(Vector(4.839, 3.550, 80.223), Vector(4.279, 3.450, 76.638), Vector(1.621, 3.450, 73.545), Vector(
			-2.556, 3.450, 72.938), Vector(-6.100, 3.450, 75.271), Vector(-7.019, 3.450, 79.742), Vector(-7.412, 3.450, 84.043), Vector(
			-10.476, 3.450, 86.529), Vector(-15.477, 3.476, 86.335), Vector(-19.239, 3.476, 83.326), Vector(-22.938, 3.174, 79.710),
			Vector(-26.188, 1.938, 76.469), Vector(-29.484, 1.175, 73.304), Vector(-34.026, 1.154, 72.438), Vector(-38.891, 1.154, 73.663),
			Vector(-43.569, 1.154, 74.953), Vector(-48.585, 1.171, 76.336), Vector(-53.813, 1.154, 77.916), Vector(-57.746, 1.154, 79.685),
			Vector(-61.617, 1.154, 83.190), Vector(-63.957, 1.154, 87.996), Vector(-64.687, 1.154, 93.188), Vector(-63.756, 1.154, 98.534),
			Vector(-61.104, 1.151, 103.496), Vector(-58.383, 1.155, 107.735), Vector(-57.134, 1.155, 111.710), Vector(-60.371, 1.773,
			115.136), Vector(-64.675, 2.297, 118.251), Vector(-68.692, 2.148, 120.930), Vector(-73.097, 2.148, 122.361), Vector(-78.068,
			2.148, 121.251), Vector(-82.313, 1.174, 120.064), Vector(-87.142, 0.148, 118.691), Vector(-91.840, 0.148, 117.641), Vector(
			-95.205, 0.148, 120.656), Vector(-96.887, 0.148, 125.466), Vector(-98.469, 0.148, 130.703), Vector(-99.737, 0.148, 134.879),
			Vector(-104.049, 0.148, 136.733), Vector(-109.524, 0.148, 135.404), Vector(-114.581, -0.852, 133.965), Vector(-119.202, -0.852,
			132.630), Vector(-122.665, -0.852, 130.204), Vector(-124.254, -0.776, 126.510), Vector(-123.379, 0.653, 122.140), Vector(
			-121.989, 1.148, 117.226), Vector(-120.786, 1.398, 112.786), Vector(-119.781, 1.398, 108.891), Vector(1.359, 3.550, 80.219),
			Vector(0.272, 3.450, 77.330), Vector(-2.742, 3.450, 77.898), Vector(-3.381, 3.450, 81.336), Vector(-3.633, 3.450, 85.122),
			Vector(-4.860, 3.450, 88.786), Vector(-8.489, 3.450, 90.994), Vector(-12.353, 3.450, 91.240), Vector(-16.171, 3.457, 90.652),
			Vector(-19.648, 3.451, 88.354), Vector(-22.676, 3.451, 85.284), Vector(-25.378, 3.278, 82.648), Vector(-28.005, 2.315, 80.225),
			Vector(-30.792, 1.296, 77.600), Vector(-34.321, 1.156, 76.562), Vector(-38.807, 1.156, 77.606), Vector(-42.920, 1.156, 78.761),
			Vector(-47.410, 1.156, 80.028), Vector(-51.919, 1.156, 81.223), Vector(-56.361, 1.156, 82.829), Vector(-59.548, 1.156, 86.201),
			Vector(-61.396, 1.156, 90.601), Vector(-61.546, 1.156, 95.138), Vector(-59.572, 1.156, 99.257), Vector(-57.074, 1.145,
			103.088), Vector(-54.632, 1.156, 106.634), Vector(-52.188, 1.156, 110.177), Vector(-52.842, 1.156, 114.298), Vector(-56.191,
			1.361, 117.626), Vector(-60.268, 2.351, 120.650), Vector(-64.620, 2.148, 123.361), Vector(-68.204, 2.148, 125.599), Vector(
			-72.423, 2.148, 126.980), Vector(-77.068, 2.148, 125.930), Vector(-81.758, 1.896, 124.555), Vector(-86.146, 0.186, 123.240),
			Vector(-90.593, 0.147, 122.078), Vector(-93.021, 0.148, 125.206), Vector(-94.605, 0.148, 129.618), Vector(-95.835, 0.148,
			133.895), Vector(-97.036, 0.148, 138.074), Vector(-99.819, 0.148, 141.105), Vector(-104.691, 0.148, 140.496), Vector(-109.284,
			0.148, 139.125), Vector(-113.690, -0.623, 137.806), Vector(-118.868, -0.852, 136.321), Vector(-123.404, -0.852, 134.930),
			Vector(-126.421, -0.852, 131.277), Vector(-128.425, -0.852, 126.892), Vector(-127.416, 0.221, 122.303), Vector(-126.048, 1.148,
			117.371), Vector(-124.738, 1.348, 112.513), Vector(-123.611, 1.398, 107.960));
		Global.Chokepoint = Array();
		Global.Staircase_Top = Array(Vector(2.986, -2.440, -36.501), Vector(3.016, -2.550, 0.280), Vector(-3.567, 1.458, 9.822), Vector(
			9.551, 1.449, 9.802), Vector(-7.527, 1.550, 21.332), Vector(-15.073, -2.450, 2.687), Vector(-23.508, -0.451, 7.653), Vector(
			-29.464, -0.450, 4.165), Vector(20.640, -2.550, 2.041), Vector(17.182, -2.450, 25.301), Vector(30.751, 1.550, 33.510), Vector(
			-10.271, 2.563, 35.361), Vector(-23.296, 5.550, 38.553), Vector(-20.580, 5.550, 54.503), Vector(-14.469, 7.550, 55.748),
			Vector(19.162, 2.550, 52.749), Vector(23.430, 3.550, 50.944), Vector(22.290, 3.550, 56.021), Vector(35.763, 5.550, 55.433),
			Vector(32.431, 7.550, 60.860), Vector(31.982, 3.545, 87.857), Vector(14.198, 3.550, 82.421), Vector(7.805, 7.572, 91.622),
			Vector(-15.749, 1.839, 109.828), Vector(-20.814, 3.658, 102.729), Vector(-31.433, 7.368, 100.008), Vector(-47.322, 6.078,
			99.383), Vector(-70.933, 6.425, 63.718), Vector(-79.310, 6.428, 72.308), Vector(-70.376, 7.172, 72.956), Vector(-63.224, 8.113,
			80.012), Vector(-62.613, 8.127, 80.562), Vector(-68.584, 8.129, 103.826), Vector(-78.303, 8.114, 101.266), Vector(-58.414,
			2.299, 134.425), Vector(-61.938, 3.300, 147.566), Vector(-75.295, 3.300, 143.595), Vector(-85.731, 3.300, 150.319), Vector(
			-83.649, 3.301, 142.624), Vector(-75.285, 3.300, 159.657), Vector(-97.227, 1.300, 155.366), Vector(-90.649, 1.300, 132.058),
			Vector(-98.122, 0.299, 100.806), Vector(-111.805, -0.700, 98.423), Vector(-122.270, 3.300, 93.756), Vector(-127.282, 3.300,
			97.743), Vector(-131.085, 2.300, 102.461), Vector(-133.574, 2.300, 112.918), Vector(-139.755, 3.300, 96.361), Vector(-142.862,
			3.300, 92.023), Vector(-121.950, 3.300, 155.413), Vector(-115.832, 3.297, 154.033), Vector(-110.551, 6.297, 148.745), Vector(
			-22.678, 3.549, 66.269), Vector(-25.604, 7.548, 50.835), Vector(-29.026, 7.550, 52.374), Vector(-31.646, 6.526, 44.870),
			Vector(-14.229, 7.731, 49.366), Vector(-32.042, 7.550, 55.606), Vector(-48.566, 1.300, 139.417), Vector(-55.362, 2.128,
			141.368), Vector(-50.035, 1.300, 147.039), Vector(-71.078, 3.300, 160.902), Vector(-35.361, 7.356, 93.249), Vector(-18.229,
			3.549, 63.490), Vector(-118.433, 0.297, 143.875), Vector(-127.365, 2.299, 141.164), Vector(-134.629, 2.297, 135.266), Vector(
			-136.908, 2.297, 127.234), Vector(-131.878, 0.749, 131.651), Vector(-135.766, 2.299, 117.522), Vector(-102.806, 0.297,
			124.015), Vector(-117.967, -0.701, 128.826));
		Global.Staircase_Bottom = Array(Vector(2.703, -3.450, -39.393), Vector(2.918, -3.550, 3.972), Vector(-10.445, -2.550, -0.562),
			Vector(16.439, -2.550, -0.606), Vector(-14.209, -0.450, 21.191), Vector(-14.988, -3.526, 5.466), Vector(-16.699, -3.433,
			7.736), Vector(-24.647, -2.450, 4.126), Vector(20.824, -3.546, 5.641), Vector(17.192, -3.447, 22.752), Vector(24.647, -2.450,
			27.257), Vector(-7.554, 1.556, 35.483), Vector(-15.354, 2.576, 35.640), Vector(-16.732, 3.551, 58.312), Vector(-18.070, 5.550,
			52.155), Vector(16.651, 1.852, 53.813), Vector(21.353, 2.550, 51.824), Vector(21.120, 2.559, 53.609), Vector(30.865, 3.550,
			57.480), Vector(37.132, 5.550, 58.677), Vector(22.764, 0.541, 87.976), Vector(14.234, 0.473, 89.613), Vector(-2.291, 0.533,
			99.515), Vector(-12.201, 0.575, 108.465), Vector(-23.148, 1.839, 107.654), Vector(-22.222, 3.640, 100.132), Vector(-46.040,
			1.345, 110.952), Vector(-60.332, 1.300, 60.856), Vector(-82.016, 2.339, 81.572), Vector(-72.386, 6.425, 70.967), Vector(
			-65.685, 7.200, 77.614), Vector(-56.301, 6.095, 86.588), Vector(-56.609, 6.074, 98.135), Vector(-74.900, 2.363, 114.650),
			Vector(-57.585, 1.345, 131.767), Vector(-61.106, 2.297, 144.327), Vector(-74.386, 2.297, 140.435), Vector(-87.126, 1.300,
			154.507), Vector(-82.547, 1.339, 138.398), Vector(-80.699, 1.309, 162.434), Vector(-99.825, 0.297, 154.413), Vector(-93.054,
			0.297, 131.435), Vector(-100.791, -0.700, 100.073), Vector(-110.956, -2.700, 104.434), Vector(-113.118, -0.700, 96.292),
			Vector(-122.610, 1.297, 99.127), Vector(-127.765, 1.391, 103.325), Vector(-130.910, 1.392, 113.606), Vector(-140.611, 2.300,
			99.201), Vector(-146.008, 2.300, 91.127), Vector(-125.072, 2.300, 154.563), Vector(-114.096, 0.297, 147.743), Vector(-112.433,
			3.337, 155.159), Vector(-26.048, 1.550, 62.920), Vector(-24.895, 5.537, 43.905), Vector(-26.938, 5.527, 44.697), Vector(
			-28.983, 5.544, 42.516), Vector(-22.521, 5.765, 41.309), Vector(-34.720, 6.542, 53.393), Vector(-42.863, -0.663, 141.081),
			Vector(-53.353, 1.300, 141.695), Vector(-45.006, -0.663, 148.412), Vector(-72.274, 1.300, 165.639), Vector(-41.456, 6.071,
			93.292), Vector(-21.373, 1.550, 60.786), Vector(-117.060, -0.703, 138.997), Vector(-121.719, -0.703, 137.675), Vector(-133.546,
			1.296, 131.459), Vector(-134.184, 1.182, 129.737), Vector(-126.670, -0.591, 133.922), Vector(-130.191, 1.255, 119.211), Vector(
			-109.136, -2.700, 121.981), Vector(-116.745, -2.700, 124.179));
		Global.Healthkits_Small = Array(Vector(15.235, -2.450, 31.258), Vector(-37.583, 6.541, 51.410), Vector(35.352, 3.551, 81.797),
			Vector(5.091, 0.513, 88.762), Vector(-26.859, 1.838, 112.222), Vector(-45.985, 1.360, 97.669), Vector(-84.019, 2.339, 85.713),
			Vector(-69.135, 3.300, 149.064), Vector(-108.785, 0.317, 126.326), Vector(-122.438, 3.300, 89.186), Vector(-10.161, 1.550,
			27.880), Vector(-39.354, 1.404, 120.499));
		Global.Healthkits_Large = Array(Vector(2.985, -3.550, 18.946), Vector(-23.414, -0.450, 23.217), Vector(16.529, 1.550, 34.935),
			Vector(-22.950, 3.549, 70.974), Vector(27.752, 3.550, 50.308), Vector(-76.514, 1.800, 66.844), Vector(-88.199, 1.300, 145.400),
			Vector(-110.567, -2.700, 113.812), Vector(-137.992, 2.300, 145.803));
		Global.Staircase_Middle = Array(0, 0, Vector(-9.116, -0.261, 6.180), Vector(14.770, -0.178, 6.333), 0, 0, 0, 0, 0, 0, Vector(
			30.107, -0.450, 27.495), 0, Vector(-20.389, 4.050, 35.600), 0, 0, 0, 0, 0, 0, 0, 0, 0, Vector(-2.132, 3.545, 91.745), 0, 0, 0,
			Vector(-44.563, 3.316, 106.006), 0, 0, 0, 0, 0, 0, Vector(-77.183, 3.347, 112.522), 0, 0, 0, 0, 0, Vector(-79.747, 2.300,
			159.345), 0, 0, 0, Vector(-112.587, -1.700, 101.688), 0, 0, 0, 0, 0, 0, 0, 0, 0, 0, Vector(-22.144, 6.549, 46.571), Vector(
			-31.267, 6.523, 49.466), 0, Vector(-18.781, 6.731, 44.738), 0, 0, 0, 0, Vector(-71.712, 2.249, 163.417), 0, Vector(-19.608,
			2.500, 62.197), 0, Vector(-122.409, 0.297, 142.546), 0, 0, 0, 0, 0, 0);
		Global.Jump_Start = Array(Vector(-108.596, 6.397, 138.856), Vector(-109.153, 6.300, 132.249));
		Global.Jump_End = Array(Vector(-108.756, 6.397, 137.412), Vector(-109.051, 6.300, 133.366));
	}
