	actions
	{
		Global.Path_Nodes = Array(Vector(-6.356, 2.550, -3.044), Vector(-18.632, 2.550, -4.707), Vector(-18.271, 2.550, 2.452), Vector(
			-7.597, 2.550, 3.539), Vector(-15.354, 2.550, 17.197), Vector(-13.833, 2.550, 4.642), Vector(-20.319, 2.550, 12.791), Vector(
			-21.857, 2.592, 6.479), Vector(-23.680, 2.550, 0.548), Vector(-27.850, -0.300, -14.007), Vector(-23.987, 3.519, -36.425),
			Vector(-3.120, 7.550, 0.782), Vector(2.207, 7.550, 1.049), Vector(2.588, 7.613, -1.648), Vector(-4.298, 7.550, 8.421), Vector(
			-8.036, 7.550, 7.604), Vector(-6.895, 7.550, -0.246), Vector(-18.432, 7.550, -1.515), Vector(15.854, 5.573, -15.903), Vector(
			10.143, 5.573, -20.765), Vector(15.232, 5.573, -23.466), Vector(23.036, 6.591, -44.707), Vector(19.399, 6.423, -40.537),
			Vector(12.864, 5.751, -40.397), Vector(13.021, 5.449, -34.839), Vector(20.813, 5.555, -33.261), Vector(27.149, 5.565, -33.668),
			Vector(26.473, 5.493, -28.228), Vector(13.347, 5.415, -26.452), Vector(0.170, 1.592, -13.259), Vector(-17.008, 3.561, -30.543),
			Vector(-7.857, 3.379, -29.456), Vector(-6.376, 3.550, -35.409), Vector(-3.746, 1.552, -9.975), Vector(4.957, 2.071, -7.675),
			Vector(12.162, 2.485, -5.523), Vector(21.266, 2.446, -8.483), Vector(27.688, 2.484, -12.054), Vector(12.984, 11.237, -40.602),
			Vector(16.343, 11.911, -37.851), Vector(16.458, 11.908, -42.705), Vector(10.032, 11.895, -42.825), Vector(10.095, 11.894,
			-38.247), Vector(29.915, 12.918, -69.734), Vector(21.380, 12.549, -73.151), Vector(11.857, 12.563, -96.527), Vector(9.842,
			12.563, -91.637), Vector(11.015, 12.562, -87.156), Vector(13.866, 12.812, -81.495), Vector(5.777, 12.811, -84.465), Vector(
			9.988, 12.811, -82.732), Vector(17.590, 12.561, -88.461), Vector(7.754, 6.551, -45.972), Vector(3.373, 7.550, -47.315), Vector(
			-1.532, 7.550, -50.237), Vector(-1.301, 7.545, -53.884), Vector(4.743, 7.308, -56.718), Vector(9.781, 6.431, -50.565), Vector(
			13.834, 6.105, -46.755), Vector(18.169, 6.360, -53.186), Vector(19.683, 6.531, -47.740), Vector(12.484, 7.550, -57.595),
			Vector(8.530, 7.382, -61.113), Vector(23.979, 6.550, -51.572), Vector(28.572, 6.550, -55.848), Vector(8.188, 7.351, -65.543),
			Vector(1.041, 7.531, -64.976), Vector(-3.722, 7.714, -67.583), Vector(-0.064, 7.519, -61.206), Vector(-4.177, 7.547, -60.799),
			Vector(-7.199, 8.150, -63.641), Vector(-11.203, 4.613, -72.642), Vector(-6.970, 5.037, -82.173), Vector(-4.207, 5.301,
			-88.456), Vector(0.845, 6.043, -91.468), Vector(-2.179, 8.071, -73.466), Vector(-20.245, 8.050, -81.667), Vector(-16.374,
			8.050, -89.448), Vector(10.730, 7.593, -84.726), Vector(16.724, 7.550, -81.974), Vector(20.963, 7.535, -74.554), Vector(24.338,
			7.574, -70.206), Vector(31.097, 7.592, -72.406), Vector(13.493, 7.562, -91.622), Vector(6.042, 7.523, -78.148), Vector(97.994,
			14.275, -100.550), Vector(91.205, 14.275, -103.424), Vector(95.930, 14.275, -102.072), Vector(97.593, 14.275, -107.586),
			Vector(92.282, 14.275, -108.628), Vector(95.538, 14.275, -114.030), Vector(58.500, 19.597, -83.591), Vector(59.544, 19.597,
			-75.748), Vector(65.910, 19.597, -73.063), Vector(50.876, 19.699, -76.934), Vector(51.366, 23.259, -64.172), Vector(62.431,
			17.599, -61.134), Vector(62.584, 20.400, -92.528), Vector(57.639, 20.466, -95.605), Vector(59.966, 20.273, -94.681), Vector(
			51.553, 19.485, -100.014), Vector(64.045, 19.360, -106.551), Vector(57.342, 19.273, -104.557), Vector(55.936, 19.273,
			-110.268), Vector(42.891, 12.107, -98.092), Vector(48.306, 11.646, -97.716), Vector(54.765, 12.259, -98.796), Vector(54.040,
			12.273, -103.739), Vector(58.188, 12.273, -105.754), Vector(56.093, 12.273, -113.403), Vector(62.063, 12.273, -114.537),
			Vector(73.915, 12.048, -115.388), Vector(75.061, 12.175, -110.597), Vector(79.919, 12.199, -110.335), Vector(86.407, 14.443,
			-101.293), Vector(66.532, 14.273, -72.895), Vector(55.741, 13.273, -77.224), Vector(49.425, 13.043, -75.704), Vector(46.596,
			13.171, -84.870), Vector(54.751, 13.063, -87.141), Vector(59.095, 12.438, -89.105), Vector(55.826, 13.273, -69.610), Vector(
			57.668, 13.252, -62.785), Vector(50.862, 7.980, -66.496), Vector(55.577, 8.273, -70.181), Vector(59.606, 8.273, -75.360),
			Vector(67.342, 6.273, -83.424), Vector(58.369, 6.275, -89.727), Vector(61.154, 6.275, -84.481), Vector(36.042, 9.510, -83.832),
			Vector(35.144, 6.800, -57.326), Vector(38.596, 6.800, -47.770), Vector(43.585, 6.787, -50.169), Vector(40.151, 6.754, -59.166),
			Vector(45.546, 7.063, -56.177), Vector(50.332, 7.479, -61.182), Vector(48.053, 7.310, -65.995), Vector(99.688, 14.215,
			-71.298), Vector(93.125, 14.228, -72.673), Vector(92.020, 14.225, -77.083), Vector(98.758, 14.216, -78.753), Vector(101.822,
			14.269, -78.978), Vector(102.801, 14.225, -73.964), Vector(76.870, 14.273, -63.858), Vector(71.815, 14.210, -70.985), Vector(
			70.271, 14.885, -77.835), Vector(78.287, 14.210, -67.281), Vector(78.516, 14.212, -73.714), Vector(80.455, 14.335, -107.331),
			Vector(68.709, 14.555, -106.533), Vector(34.096, 15.013, -85.178), Vector(31.153, 15.550, -79.474), Vector(79.446, 14.273,
			-54.008), Vector(100.446, 14.282, -66.374), Vector(99.130, 14.282, -58.491), Vector(84.367, 14.273, -49.854), Vector(85.691,
			14.273, -55.342), Vector(87.844, 14.273, -47.261), Vector(85.743, 14.273, -42.502), Vector(87.239, 14.273, -34.786), Vector(
			86.884, 14.273, -30.391), Vector(91.266, 14.273, -35.317), Vector(92.884, 17.273, -19.399), Vector(96.009, 12.282, -18.451),
			Vector(92.990, 12.358, -23.108), Vector(100.058, 12.360, -22.959), Vector(97.706, 12.273, -30.386), Vector(97.030, 12.273,
			-33.739), Vector(104.356, 12.273, -30.547), Vector(100.076, 12.273, -27.301), Vector(93.113, 12.273, -26.765), Vector(107.334,
			12.273, -33.990), Vector(110.419, 14.273, -46.978), Vector(105.139, 14.273, -49.878), Vector(106.153, 14.273, -53.863), Vector(
			126.534, 12.273, -56.003), Vector(134.924, 13.273, -62.355), Vector(137.109, 13.273, -55.372), Vector(130.679, 13.273,
			-54.292), Vector(139.780, 13.273, -47.763), Vector(141.046, 13.273, -41.735), Vector(143.110, 13.273, -34.578), Vector(131.841,
			12.273, -26.497), Vector(136.516, 12.273, -19.466), Vector(132.412, 12.273, -18.332), Vector(114.925, 12.273, -13.167), Vector(
			113.533, 12.273, -18.355), Vector(116.392, 12.273, -22.354), Vector(113.036, 12.273, -27.903), Vector(120.310, 12.273,
			-15.365), Vector(110.283, 12.288, -5.710), Vector(118.295, 12.360, -0.661), Vector(131.540, 12.273, 2.955), Vector(140.923,
			12.273, -5.843), Vector(145.539, 12.288, -14.415), Vector(122.456, 16.291, -14.733), Vector(125.292, 16.291, -19.744), Vector(
			130.710, 16.291, -16.175), Vector(113.028, 16.273, -26.793), Vector(114.906, 16.283, -32.229), Vector(128.041, 16.296,
			-36.084), Vector(139.149, 16.286, -36.738), Vector(132.424, 16.286, -35.603), Vector(116.845, 10.272, -49.254), Vector(124.476,
			10.272, -45.403), Vector(129.460, 10.273, -42.774), Vector(130.204, 10.273, -37.889), Vector(126.396, 10.269, -37.124), Vector(
			83.507, 17.273, -37.687));
		Global.Healthkits = Array(Vector(-1.063, 3.550, -39.866), Vector(4.153, 1.550, -15.305), Vector(23.714, 5.565, -36.199), Vector(
			1.645, 7.550, -45.834), Vector(-9.032, 4.826, -76.515), Vector(24.137, 7.574, -68.479), Vector(8.254, 7.561, -90.446), Vector(
			53.270, 8.273, -107.509), Vector(60.873, 8.273, -72.142), Vector(46.020, 6.793, -49.636), Vector(73.259, 14.273, -50.833),
			Vector(97.783, 17.273, -18.139), Vector(130.124, 13.273, -57.388), Vector(135.069, 12.305, -28.895), Vector(128.881, 15.273,
			-7.222), Vector(112.098, 12.273, -19.951), Vector(121.516, 12.273, -66.141), Vector(97.405, 14.283, -65.250), Vector(57.928,
			19.273, -112.757));
		Global.ObjectiveA_Nodes = Array(Vector(17.762, 7.399, -75.177), Vector(16.803, 7.389, -72.905), Vector(15.775, 7.375, -70.472),
			Vector(14.851, 7.359, -68.281), Vector(13.926, 7.390, -66.091), Vector(15.490, 7.403, -76.139), Vector(14.490, 7.380, -73.923),
			Vector(12.120, 9.923, -69.652), Vector(11.084, 7.365, -67.452), Vector(8.400, 7.365, -68.661), Vector(9.517, 7.362, -71.065),
			Vector(11.739, 7.376, -75.230), Vector(12.929, 7.408, -77.586), Vector(10.221, 7.414, -78.847), Vector(9.216, 7.397, -76.683),
			Vector(8.215, 7.389, -74.516), Vector(7.144, 7.387, -72.101), Vector(6.213, 7.385, -70.097));
		Global.ObjectiveB_Nodes = Array(Vector(8.955, 7.363, -71.956), Vector(10.665, 7.362, -69.586), Vector(13.086, 7.370, -67.412),
			Vector(15.469, 7.378, -65.475), Vector(17.881, 6.935, -63.470), Vector(20.429, 6.396, -61.252), Vector(22.888, 6.367, -59.092),
			Vector(25.769, 6.363, -58.767), Vector(28.995, 6.374, -59.127), Vector(31.801, 6.388, -59.888), Vector(34.468, 6.395, -60.790),
			Vector(12.894, 7.373, -74.218), Vector(13.878, 7.367, -71.699), Vector(15.184, 7.362, -69.408), Vector(17.236, 7.334, -67.609),
			Vector(19.530, 6.961, -65.863), Vector(22.191, 6.396, -63.922), Vector(25.188, 6.378, -62.551), Vector(28.236, 6.387, -62.836),
			Vector(31.342, 6.383, -63.907), Vector(33.677, 6.484, -64.915), Vector(9.795, 7.363, -74.549), Vector(36.134, 6.377, -65.897),
			Vector(39.690, 6.550, -67.622), Vector(41.919, 7.172, -71.318), Vector(40.932, 7.949, -75.797), Vector(39.776, 8.899, -80.208),
			Vector(39.844, 9.342, -85.254), Vector(42.151, 9.483, -89.538), Vector(46.207, 9.884, -92.421), Vector(50.976, 10.997,
			-94.470), Vector(56.581, 12.194, -96.081), Vector(61.230, 12.880, -97.594), Vector(66.016, 13.787, -99.588), Vector(71.103,
			14.251, -100.632), Vector(75.782, 14.238, -100.319), Vector(80.923, 14.245, -98.393), Vector(83.739, 14.245, -93.989), Vector(
			84.966, 14.245, -89.346), Vector(86.149, 14.245, -84.670), Vector(87.312, 14.245, -80.079), Vector(88.438, 14.224, -75.623),
			Vector(89.829, 14.177, -70.132), Vector(90.813, 14.736, -66.220), Vector(92.045, 15.093, -61.015), Vector(92.950, 14.277,
			-57.498), Vector(93.875, 14.273, -53.842), Vector(94.669, 13.273, -50.710), Vector(95.503, 12.539, -47.417), Vector(96.723,
			12.273, -42.648), Vector(100.541, 12.273, -41.197), Vector(105.202, 12.273, -42.105), Vector(109.638, 11.495, -43.210), Vector(
			113.694, 10.269, -44.241), Vector(118.225, 10.269, -44.818), Vector(121.848, 10.269, -42.245), Vector(123.272, 10.269,
			-37.632), Vector(124.479, 10.269, -32.871), Vector(125.629, 10.271, -28.361), Vector(126.356, 10.271, -24.815), Vector(37.629,
			6.415, -61.984), Vector(40.833, 6.494, -63.852), Vector(44.418, 6.825, -65.874), Vector(46.479, 7.262, -69.938), Vector(45.871,
			7.697, -74.530), Vector(44.784, 8.535, -79.447), Vector(44.309, 9.327, -84.187), Vector(46.715, 9.678, -87.684), Vector(50.949,
			10.504, -89.608), Vector(55.879, 11.724, -90.990), Vector(60.671, 12.705, -92.438), Vector(65.618, 13.559, -94.345), Vector(
			70.202, 14.235, -96.008), Vector(75.208, 14.263, -96.368), Vector(78.465, 14.260, -92.819), Vector(79.645, 14.262, -87.673),
			Vector(80.896, 14.263, -82.722), Vector(82.128, 14.263, -78.061), Vector(83.050, 14.229, -73.675), Vector(84.516, 14.184,
			-68.800), Vector(85.650, 15.456, -64.904), Vector(87.036, 14.275, -60.509), Vector(88.156, 14.273, -57.280), Vector(89.316,
			14.273, -52.944), Vector(90.282, 13.273, -49.303), Vector(91.293, 12.273, -45.491), Vector(92.733, 12.282, -41.627), Vector(
			95.030, 12.273, -38.138), Vector(98.827, 12.273, -36.516), Vector(103.129, 12.273, -37.532), Vector(107.325, 12.273, -38.557),
			Vector(111.308, 11.118, -39.577), Vector(115.108, 10.269, -40.545), Vector(117.841, 10.269, -37.362), Vector(118.952, 10.269,
			-32.819), Vector(119.852, 10.269, -28.979), Vector(120.839, 10.271, -25.064), Vector(124.360, 10.271, -24.100));
		Global.Chokepoint = Array();
		Global.Staircase_Top = Array(Vector(-4.203, 7.550, 9.821), Vector(-26.433, 2.550, -1.780), Vector(-17.498, 1.628, -16.801), Vector(
			-31.395, 3.388, -30.682), Vector(15.642, 5.550, -12.104), Vector(20.576, 10.550, -22.979), Vector(5.522, 5.550, -35.165),
			Vector(7.973, 5.550, -19.856), Vector(26.408, 5.435, -26.324), Vector(27.377, 6.550, -39.426), Vector(-12.287, 2.550, -5.935),
			Vector(4.405, 5.379, -25.671), Vector(4.944, 5.378, -28.604), Vector(-6.222, 3.358, -25.396), Vector(-9.571, 3.344, -24.579),
			Vector(-15.439, 3.321, -24.425), Vector(4.890, 11.550, -40.842), Vector(34.920, 13.049, -57.183), Vector(14.006, 12.563,
			-100.093), Vector(0.310, 8.050, -76.378), Vector(-4.652, 7.549, -54.998), Vector(10.456, 7.562, -93.752), Vector(29.829, 7.576,
			-70.085), Vector(-9.470, 10.050, -76.581), Vector(-12.322, 10.050, -77.922), Vector(-14.670, 8.050, -88.760), Vector(32.218,
			9.550, -81.906), Vector(21.785, 12.562, -89.486), Vector(66.906, 14.273, -70.021), Vector(61.484, 20.273, -88.438), Vector(
			51.620, 19.273, -109.239), Vector(42.465, 12.092, -101.314), Vector(54.825, 8.272, -102.527), Vector(59.032, 8.273, -78.547),
			Vector(72.251, 12.152, -109.618), Vector(76.385, 14.293, -103.644), Vector(90.581, 14.273, -115.043), Vector(98.889, 13.771,
			-98.919), Vector(104.173, 14.286, -80.019), Vector(58.035, 13.252, -58.684), Vector(80.301, 17.275, -42.235), Vector(89.758,
			17.273, -21.149), Vector(101.215, 17.273, -21.629), Vector(103.231, 14.273, -46.682), Vector(113.722, 14.273, -59.916), Vector(
			129.628, 13.360, -62.006), Vector(126.929, 12.273, -51.735), Vector(137.343, 13.273, -47.472), Vector(131.862, 16.286,
			-39.733), Vector(131.349, 12.273, -20.489), Vector(129.988, 15.273, -8.335), Vector(126.606, 15.273, -7.397), Vector(127.314,
			16.281, -12.247), Vector(119.494, 12.273, -17.979), Vector(89.707, 14.273, -38.382), Vector(90.059, 14.273, -38.176), Vector(
			90.008, 14.273, -38.998), Vector(67.171, 19.290, -68.179), Vector(58.286, 22.493, -67.688), Vector(58.768, 20.273, -99.251),
			Vector(62.785, 14.273, -73.121), Vector(35.774, 12.036, -96.548), Vector(141.918, 13.360, -31.754), Vector(114.545, 12.273,
			-28.281));
		Global.Staircase_Bottom = Array(Vector(-11.720, 2.550, 17.894), Vector(-25.661, -0.450, -9.149), Vector(-21.844, -0.256, -15.208),
			Vector(-30.771, -0.212, -18.049), Vector(9.789, 2.550, -9.619), Vector(18.063, 5.550, -13.170), Vector(0.573, 3.550, -35.977),
			Vector(-0.254, 1.550, -16.970), Vector(28.832, 2.530, -15.249), Vector(27.547, 5.565, -36.844), Vector(-11.973, 1.550, -9.015),
			Vector(-2.964, 3.541, -26.494), Vector(-3.314, 3.398, -29.018), Vector(-7.454, 1.626, -15.263), Vector(-9.686, 1.573, -14.992),
			Vector(-14.075, 1.422, -14.441), Vector(-2.502, 7.550, -46.566), Vector(25.086, 6.550, -48.489), Vector(16.742, 7.562,
			-90.667), Vector(-2.697, 5.034, -84.624), Vector(-9.236, 4.600, -61.784), Vector(7.379, 6.585, -94.928), Vector(30.831, 6.552,
			-67.428), Vector(-5.234, 8.115, -74.632), Vector(-17.398, 8.050, -80.242), Vector(-9.786, 5.646, -86.753), Vector(34.432,
			7.574, -75.617), Vector(27.920, 9.550, -87.077), Vector(57.129, 8.273, -67.548), Vector(64.905, 14.273, -75.928), Vector(
			38.268, 12.299, -99.234), Vector(50.513, 8.377, -104.012), Vector(56.211, 6.273, -97.328), Vector(57.730, 6.273, -83.866),
			Vector(63.257, 8.275, -107.258), Vector(75.918, 12.246, -107.911), Vector(86.016, 12.273, -113.048), Vector(100.829, 11.742,
			-95.348), Vector(104.030, 11.438, -86.718), Vector(45.606, 6.784, -51.072), Vector(78.216, 14.273, -49.305), Vector(88.063,
			14.379, -27.508), Vector(108.216, 12.340, -29.729), Vector(98.570, 12.273, -45.445), Vector(118.828, 12.347, -61.119), Vector(
			126.228, 12.275, -61.287), Vector(128.371, 10.273, -46.830), Vector(130.847, 10.375, -45.760), Vector(139.066, 13.273,
			-41.343), Vector(129.999, 10.272, -25.694), Vector(132.685, 12.273, -15.592), Vector(120.804, 12.273, -12.959), Vector(127.907,
			15.343, -9.768), Vector(118.655, 10.276, -22.250), Vector(93.998, 12.761, -37.624), Vector(93.111, 12.273, -41.407), Vector(
			93.697, 12.273, -34.232), Vector(74.475, 14.209, -65.811), Vector(65.784, 19.618, -68.300), Vector(58.098, 19.273, -102.169),
			Vector(59.809, 13.273, -72.438), Vector(37.443, 9.941, -88.804), Vector(140.378, 12.273, -29.283), Vector(115.048, 10.270,
			-31.908));
		Global.Healthkits_Small = Array(Vector(23.714, 5.565, -36.199), Vector(1.645, 7.550, -45.834), Vector(-9.032, 4.826, -76.515),
			Vector(24.137, 7.574, -68.479), Vector(8.254, 7.561, -90.446), Vector(53.270, 8.273, -107.509), Vector(46.020, 6.793, -49.636),
			Vector(73.259, 14.273, -50.833), Vector(135.069, 12.305, -28.895), Vector(128.881, 15.273, -7.222), Vector(112.098, 12.273,
			-19.951), Vector(121.516, 12.273, -66.141), Vector(57.928, 19.273, -112.757));
		Global.Healthkits_Large = Array(Vector(-1.063, 3.550, -39.866), Vector(4.153, 1.550, -15.305), Vector(60.873, 8.273, -72.142),
			Vector(97.783, 17.273, -18.139), Vector(130.124, 13.273, -57.388), Vector(97.405, 14.283, -65.250));
		Global.Staircase_Middle = Array(Vector(-5.701, 4.550, 18.188), 0, 0, 0, 0, Vector(23.096, 7.550, -15.344), 0, Vector(0.620, 2.550,
			-20.313), 0, 0, 0, 0, 0, 0, Vector(-9.825, 1.805, -20.502), Vector(-16.098, 2.165, -18.735), Vector(-2.327, 8.551, -42.593),
			Vector(36.519, 11.051, -50.866), Vector(19.331, 10.562, -97.490), Vector(1.714, 7.107, -81.074), Vector(-9.146, 6.550,
			-56.223), 0, 0, 0, 0, 0, 0, 0, 0, Vector(62.304, 19.263, -85.924), Vector(37.194, 14.273, -104.274), 0, 0, 0, 0, 0, 0, 0, 0, 0,
			0, 0, Vector(109.404, 14.273, -24.308), 0, 0, 0, 0, 0, 0, 0, Vector(134.166, 14.275, -10.016), Vector(122.459, 14.273, -7.020),
			0, 0, 0, 0, 0, Vector(68.506, 17.354, -62.971), 0, 0, 0, Vector(34.236, 11.073, -91.621), 0, 0);
		Global.Jump_Start = Array(Vector(70.938, 14.885, -75.766));
		Global.Jump_End = Array(Vector(71.960, 14.885, -75.494));
	}
