	actions
	{
		Global.Path_Nodes = Array(Vector(-12.611, 3.550, 85.385), Vector(-21.021, 3.550, 81.912), Vector(-14.679, 3.550, 78.254), Vector(
			-3.268, 3.550, 81.834), Vector(-9.908, 3.550, 77.922), Vector(5.688, 1.550, 72.564), Vector(10.261, 1.550, 72.595), Vector(
			10.286, 1.552, 66.879), Vector(-30.443, 1.551, 72.535), Vector(-34.226, 1.551, 72.483), Vector(-30.250, 1.555, 61.988), Vector(
			-19.042, 1.560, 44.621), Vector(-8.676, 1.553, 45.022), Vector(-19.028, 1.550, 49.185), Vector(-27.573, 1.550, 50.138), Vector(
			-25.822, 1.404, 55.593), Vector(-19.223, 1.404, 55.041), Vector(-18.408, 1.557, 62.127), Vector(-6.551, 1.593, 38.480), Vector(
			-7.210, 1.405, 49.144), Vector(-10.480, 1.404, 55.445), Vector(-4.250, 1.404, 57.922), Vector(-8.811, 1.557, 62.021), Vector(
			-2.325, 1.404, 49.718), Vector(2.604, 1.556, 46.312), Vector(5.251, 1.550, 40.976), Vector(3.036, 1.814, 37.776), Vector(
			-1.275, 1.506, 38.195), Vector(-2.150, 1.404, 44.379), Vector(11.365, 1.550, 40.903), Vector(17.558, 1.550, 44.121), Vector(
			15.050, 1.550, 46.306), Vector(14.775, 1.553, 53.582), Vector(10.643, 1.555, 62.263), Vector(13.743, 1.404, 58.471), Vector(
			9.494, 1.404, 54.285), Vector(5.071, 1.404, 57.677), Vector(6.095, 1.556, 62.583), Vector(-0.483, 1.556, 61.730), Vector(4.073,
			1.404, 51.823), Vector(20.474, 7.550, 46.888), Vector(17.291, 7.553, 49.280), Vector(17.671, 8.131, 56.145), Vector(11.521,
			7.553, 48.541), Vector(6.814, 7.553, 41.669), Vector(7.092, 7.553, 35.821), Vector(17.887, 7.550, 40.144), Vector(4.867, 8.131,
			35.953), Vector(5.778, 8.131, 46.801), Vector(3.080, 2.686, 33.052), Vector(-1.581, 2.474, 33.156), Vector(-6.945, 2.426,
			33.276), Vector(-8.992, 3.130, 28.423), Vector(-18.701, 3.154, 23.477), Vector(-16.399, 3.154, 19.305), Vector(-10.099, 3.154,
			22.454), Vector(-5.951, 3.299, 17.901), Vector(-0.718, 3.154, 22.841), Vector(-3.876, 3.143, 26.657), Vector(2.506, 3.290,
			28.466), Vector(9.846, 3.553, 26.606), Vector(7.476, 3.300, 21.856), Vector(2.634, 3.300, 16.640), Vector(3.921, 3.298,
			21.616), Vector(6.155, 3.298, 16.466), Vector(11.733, 3.298, 14.808), Vector(12.567, 3.300, 19.390), Vector(18.146, 3.300,
			13.129), Vector(-9.085, 3.300, 16.273), Vector(-6.387, 3.300, 10.636), Vector(-10.841, 3.154, 7.813), Vector(-18.107, 3.154,
			9.282), Vector(-20.553, 3.154, 16.977), Vector(-26.672, 3.154, 24.895), Vector(-23.722, 3.300, 29.420), Vector(-31.024, 9.300,
			15.562), Vector(-25.843, 9.300, 18.528), Vector(-20.984, 9.301, 9.738), Vector(-25.775, 9.091, 6.493), Vector(-27.325, 9.300,
			10.662), Vector(-24.284, 9.300, 12.635), Vector(-28.050, 9.300, 15.836), Vector(-29.177, 9.310, 19.951), Vector(-37.534, 1.300,
			15.228), Vector(-39.143, 1.300, 10.855), Vector(-46.020, 1.154, 12.744), Vector(-50.505, 1.154, 10.148), Vector(-47.313, 1.154,
			5.536), Vector(-52.496, 1.300, -13.606), Vector(-55.687, 1.300, -8.739), Vector(-51.933, 3.300, -5.933), Vector(-45.711, 3.300,
			-2.430), Vector(-56.549, 3.301, -1.332), Vector(-61.202, 1.300, -5.628), Vector(-36.393, 3.300, -1.402), Vector(-41.464, 3.300,
			-2.843), Vector(-37.264, 3.300, -10.536), Vector(-35.184, 3.300, -5.186), Vector(-33.617, 3.300, -13.109), Vector(-29.844,
			3.300, -11.023), Vector(-32.506, 3.300, -6.859), Vector(-24.121, 3.300, -16.004), Vector(-22.370, 3.338, -8.102), Vector(
			-19.343, 3.300, -13.326), Vector(-10.885, 3.300, -15.086), Vector(-23.955, 7.352, -9.242), Vector(-17.403, 7.352, -5.296),
			Vector(-19.304, 7.302, -9.783), Vector(-15.263, 7.310, -13.746), Vector(-8.232, 3.154, 3.013), Vector(-3.284, 3.300, 4.660),
			Vector(3.472, 3.300, -4.356), Vector(0.419, 3.300, -7.295), Vector(15.186, 3.300, -11.290), Vector(13.493, 3.361, -18.576),
			Vector(8.321, 3.300, -8.913), Vector(13.035, 12.300, -37.754), Vector(5.542, 12.353, -28.412), Vector(0.979, 12.653, -33.814),
			Vector(3.649, 12.653, -38.469), Vector(8.126, 14.453, -48.052), Vector(-7.453, 11.611, -65.720), Vector(-4.325, 11.560,
			-54.236), Vector(6.688, 12.560, -69.052), Vector(-1.725, 12.460, -67.684), Vector(0.678, 12.560, -54.590), Vector(8.825,
			12.560, -68.785), Vector(-3.401, 8.092, -46.481), Vector(-8.047, 8.053, -38.387), Vector(-1.468, 7.516, -19.990), Vector(
			-3.822, 7.553, -29.487), Vector(0.605, 7.300, -34.026), Vector(3.496, 7.304, -32.479), Vector(5.485, 8.073, -43.572), Vector(
			17.136, 8.091, -46.409), Vector(0.720, 7.553, -51.779), Vector(11.252, 7.553, -54.526), Vector(14.147, 7.553, -59.067), Vector(
			11.813, 7.553, -68.839), Vector(5.287, 7.551, -64.690), Vector(5.881, 3.550, -69.208), Vector(3.178, 3.550, -64.262), Vector(
			3.923, 3.550, -60.738), Vector(8.851, 3.550, -59.512), Vector(12.150, 3.555, -57.430), Vector(7.515, 3.555, -54.150), Vector(
			3.647, 3.555, -53.026), Vector(-2.286, 3.154, -51.897), Vector(-2.639, 3.550, -56.121), Vector(0.241, 3.550, -59.680), Vector(
			3.729, 3.550, -57.016), Vector(11.630, 4.050, -43.044), Vector(2.734, 3.300, -37.455), Vector(6.684, 3.300, -31.177), Vector(
			11.380, 3.300, -26.099), Vector(16.740, 3.300, -29.939), Vector(15.627, 3.175, -24.792), Vector(20.159, 3.175, -25.194),
			Vector(21.872, 3.175, -30.388), Vector(18.193, 3.300, -33.046), Vector(25.189, 3.175, -39.083), Vector(16.515, 3.299, -38.427),
			Vector(26.796, 3.296, -33.509), Vector(30.115, 3.300, -34.538), Vector(31.685, 3.300, -29.547), Vector(39.012, 4.300, -34.884),
			Vector(36.984, 4.300, -44.826), Vector(44.120, 4.300, -45.854), Vector(48.063, 4.303, -56.509), Vector(45.006, 4.300, -64.277),
			Vector(31.675, 4.300, -60.401), Vector(32.502, 4.300, -54.610), Vector(25.938, 8.348, -69.715), Vector(21.274, 8.347, -81.365),
			Vector(29.326, 8.348, -84.475), Vector(33.907, 8.347, -73.108), Vector(9.898, 7.426, -27.044), Vector(5.142, 7.375, -26.152),
			Vector(10.386, 3.154, -19.852), Vector(1.563, 3.154, -17.860), Vector(0.137, 3.423, -22.469), Vector(-0.775, 3.423, -27.944),
			Vector(22.098, 3.154, -49.142), Vector(25.018, 3.174, -42.639), Vector(25.376, 3.154, -65.349), Vector(39.239, 3.154, -71.187),
			Vector(33.688, 3.154, -84.327), Vector(24.103, 3.409, -80.390), Vector(26.306, 3.409, -76.011), Vector(29.652, 3.409, -77.381),
			Vector(21.523, 3.154, -73.932), Vector(13.373, 3.158, -83.232), Vector(22.065, 3.160, -84.913), Vector(20.720, 3.175, -92.824),
			Vector(31.718, 3.154, -88.347), Vector(17.751, 3.155, -77.999), Vector(8.805, 3.154, -81.037), Vector(12.273, 3.298, -90.853),
			Vector(13.812, 5.300, -98.753), Vector(12.967, 5.300, -93.673), Vector(13.151, 5.300, -103.700), Vector(10.959, 5.300,
			-107.728), Vector(9.309, 5.300, -112.478), Vector(10.023, 5.300, -117.441), Vector(6.481, 5.300, -124.423), Vector(4.919,
			5.300, -131.853), Vector(6.671, 5.300, -137.251), Vector(5.111, 5.300, -142.174), Vector(-6.763, 4.300, -129.388), Vector(
			-5.990, 4.300, -126.343), Vector(-5.021, 4.300, -122.048), Vector(-12.269, 4.300, -122.063), Vector(-16.392, 7.300, -63.224),
			Vector(-14.372, 7.355, -63.242), Vector(-20.161, 7.300, -61.908), Vector(-21.798, 7.300, -57.409), Vector(-24.515, 7.301,
			-50.019), Vector(-6.235, 3.154, -51.224), Vector(-10.132, 3.278, -51.524), Vector(-9.276, 3.292, -56.378), Vector(-10.635,
			3.279, -62.840), Vector(-4.118, 3.154, -70.357), Vector(-6.839, 3.154, -78.486), Vector(-10.134, 3.279, -68.705), Vector(
			-14.027, 3.279, -76.803), Vector(1.708, 3.154, -70.938), Vector(-15.374, 3.500, -83.061), Vector(-11.073, 3.300, -92.379),
			Vector(-9.278, 3.477, -85.573), Vector(-35.759, 3.300, -89.128), Vector(-40.641, 3.300, -88.001), Vector(-43.526, 3.300,
			-99.809), Vector(-40.544, 3.300, -105.655), Vector(-49.953, 5.300, -90.862), Vector(-51.466, 11.300, -108.992), Vector(-42.187,
			11.300, -114.563), Vector(-33.634, 11.300, -116.510), Vector(-30.217, 11.300, -115.381), Vector(-38.291, 11.300, -113.249),
			Vector(-27.004, 11.300, -118.476), Vector(-22.011, 11.300, -117.625), Vector(-18.585, 11.300, -124.629), Vector(-14.839,
			11.300, -127.678), Vector(-18.682, 11.335, -128.921), Vector(-21.629, 11.355, -126.188), Vector(-18.709, 11.300, -101.360),
			Vector(-20.703, 11.300, -99.376), Vector(-9.198, 11.300, -102.460), Vector(-12.213, 11.300, -114.432), Vector(-21.052, 2.300,
			-118.121), Vector(4.998, 3.450, -90.607), Vector(1.990, 3.300, -101.869), Vector(-1.444, 3.300, -105.845), Vector(5.038, 3.607,
			-106.873), Vector(0.091, 3.697, -109.546), Vector(3.672, 3.466, -113.151), Vector(-5.760, 3.653, -116.368), Vector(-13.308,
			3.300, -113.476), Vector(-7.745, 3.509, -108.849), Vector(-14.431, 3.300, -109.886), Vector(-9.039, 3.067, -104.438), Vector(
			-23.564, 3.305, -127.892), Vector(-20.478, 3.309, -133.350), Vector(-27.724, 3.300, -128.253), Vector(-23.746, 8.795,
			-133.708), Vector(-27.242, 8.769, -131.967), Vector(-31.241, 8.409, -140.511), Vector(-27.848, 8.374, -142.131), Vector(
			-17.354, 5.300, -146.700), Vector(-21.783, 5.300, -145.717), Vector(-52.119, 5.300, -144.252), Vector(-47.573, 5.300,
			-145.463), Vector(-45.166, 5.300, -135.096), Vector(-50.363, 5.300, -133.905), Vector(-41.712, 5.307, -133.248), Vector(
			-36.022, 5.300, -140.984), Vector(-29.313, 5.300, -144.546), Vector(-23.059, 5.300, -150.618), Vector(-30.944, 5.300,
			-148.425), Vector(-36.962, 5.300, -147.188), Vector(-43.509, 5.300, -145.482), Vector(-46.397, 5.300, -128.765), Vector(
			-39.375, 5.300, -122.836), Vector(-44.711, 5.300, -112.896), Vector(-41.337, 5.300, -116.598), Vector(-36.402, 5.300,
			-115.698), Vector(-42.968, 5.300, -121.934), Vector(-53.473, 5.300, -151.735), Vector(-34.842, 5.300, -156.670), Vector(
			-16.791, 5.300, -160.474), Vector(-13.499, 5.300, -147.990));
		Global.Healthkits = Array(Vector(-20.049, 6.563, 35.853), Vector(19.612, 1.550, 44.681), Vector(10.431, 3.300, 11.034), Vector(
			-35.313, 1.300, 8.813), Vector(-18.617, 3.300, -8.611), Vector(9.475, 3.300, -1.905), Vector(-16.441, 3.279, -64.997), Vector(
			7.115, 3.550, -63.766), Vector(14.369, 3.300, -39.398), Vector(31.007, 3.408, -78.412), Vector(-21.655, 3.300, -110.906),
			Vector(-36.247, 3.300, -91.348), Vector(-47.860, 5.300, -114.115), Vector(-14.088, 3.300, -134.080), Vector(-52.521, 5.300,
			-145.727));
		Global.ObjectiveA_Nodes = Array(Vector(-28.798, 3.153, -9.163), Vector(-30.250, 3.153, -6.646), Vector(-31.857, 3.153, -4.010),
			Vector(-33.470, 3.153, -1.364), Vector(-31.043, 3.153, 0.119), Vector(-28.311, 3.153, 1.759), Vector(-25.578, 3.153, 3.398),
			Vector(-22.846, 3.153, 5.038), Vector(-21.384, 3.153, 2.473), Vector(-24.063, 3.153, 0.933), Vector(-22.396, 3.154, -1.879),
			Vector(-19.479, 3.154, -0.083), Vector(-17.965, 3.154, -2.242), Vector(-21.020, 3.154, -4.142), Vector(-26.310, 3.154, -7.882),
			Vector(-23.259, 3.154, -6.100), Vector(-27.767, 3.154, -5.457), Vector(-24.750, 3.154, -3.910), Vector(-26.886, 3.154, -0.472),
			Vector(-29.693, 3.154, -2.207));
		Global.ObjectiveB_Nodes = Array(Vector(-27.672, 3.154, -5.367), Vector(-24.061, 3.154, -3.470), Vector(-20.292, 3.154, -1.178),
			Vector(-15.850, 3.154, -0.053), Vector(-12.641, 3.154, -2.130), Vector(-10.239, 3.154, -5.272), Vector(-9.031, 3.154, -7.325),
			Vector(-29.236, 3.154, -2.125), Vector(-26.099, 3.154, 0.033), Vector(-22.340, 3.154, 1.927), Vector(-18.030, 3.154, 2.295),
			Vector(-13.662, 3.154, 1.930), Vector(-9.746, 3.154, 0.032), Vector(-7.178, 3.154, -2.631), Vector(-5.335, 3.154, -5.126),
			Vector(-8.188, 3.154, -8.785), Vector(-6.158, 3.154, -12.584), Vector(-5.424, 3.154, -16.909), Vector(-6.378, 3.154, -21.396),
			Vector(-7.277, 3.154, -25.693), Vector(-7.461, 3.154, -30.443), Vector(-6.327, 3.154, -35.543), Vector(-4.227, 3.154, -40.514),
			Vector(-1.029, 3.154, -44.657), Vector(3.034, 3.154, -47.266), Vector(7.150, 3.154, -49.057), Vector(11.694, 3.154, -50.737),
			Vector(15.612, 3.154, -53.950), Vector(17.346, 3.154, -59.234), Vector(17.440, 3.154, -65.186), Vector(15.288, 3.154, -70.389),
			Vector(10.145, 3.154, -73.170), Vector(4.441, 3.154, -73.444), Vector(-1.074, 3.154, -74.347), Vector(-2.904, 3.154, -78.848),
			Vector(-3.739, 3.154, -82.352), Vector(-4.248, 3.154, -7.039), Vector(-2.939, 3.154, -10.499), Vector(-2.283, 3.154, -15.282),
			Vector(-3.027, 3.154, -20.206), Vector(-4.004, 3.154, -24.793), Vector(-4.714, 3.154, -29.744), Vector(-2.980, 3.154, -34.018),
			Vector(-0.458, 3.154, -38.626), Vector(2.623, 3.154, -42.725), Vector(6.543, 3.154, -45.463), Vector(11.039, 3.154, -47.378),
			Vector(15.156, 3.154, -48.941), Vector(18.432, 3.154, -52.378), Vector(20.359, 3.154, -56.232), Vector(21.093, 3.154, -61.186),
			Vector(20.288, 3.154, -66.296), Vector(17.924, 3.154, -70.768), Vector(14.403, 3.154, -74.138), Vector(9.737, 3.154, -76.001),
			Vector(4.724, 3.154, -76.813), Vector(2.205, 3.154, -79.470), Vector(0.948, 3.154, -83.140), Vector(0.403, 3.154, -85.418),
			Vector(-0.682, 3.065, -89.576), Vector(-1.760, 3.065, -93.842), Vector(-3.066, 3.067, -97.999), Vector(-6.394, 3.067,
			-101.271), Vector(-10.857, 3.067, -101.669), Vector(-15.654, 2.391, -100.770), Vector(-19.894, 1.341, -99.781), Vector(-24.049,
			1.292, -100.023), Vector(-25.950, 1.292, -103.914), Vector(-27.002, 1.356, -108.452), Vector(-28.096, 1.293, -113.048), Vector(
			-29.449, 2.142, -117.867), Vector(-30.522, 3.300, -122.639), Vector(-31.480, 3.300, -127.357), Vector(-32.326, 3.300,
			-131.854), Vector(-33.235, 3.300, -136.069), Vector(-34.205, 3.300, -139.141), Vector(-4.438, 3.154, -84.474), Vector(-5.279,
			3.067, -88.045), Vector(-6.310, 3.067, -92.079), Vector(-7.980, 3.067, -95.910), Vector(-11.842, 3.008, -96.850), Vector(
			-16.418, 1.860, -96.246), Vector(-20.744, 1.291, -95.655), Vector(-25.368, 1.291, -96.620), Vector(-28.067, 1.291, -100.059),
			Vector(-29.802, 1.291, -104.431), Vector(-31.446, 1.291, -109.873), Vector(-32.813, 1.535, -114.865), Vector(-33.841, 2.949,
			-119.327), Vector(-34.906, 3.301, -123.818), Vector(-36, 3.301, -128.396), Vector(-37.163, 3.301, -133.093), Vector(-38.183,
			3.301, -137.112));
		Global.Chokepoint = Array();
		Global.Staircase_Top = Array(Vector(1.379, 3.550, 82.500), Vector(-25.747, 3.550, 82.456), Vector(-9.912, 3.550, 74.655), Vector(
			-14.602, 3.550, 75.041), Vector(-14.397, 2.559, 66.276), Vector(-9.905, 2.557, 65.850), Vector(0.306, 2.550, 67.266), Vector(
			26.078, 7.542, 55.405), Vector(29.184, 4.550, 41.020), Vector(21.554, 7.550, 44.856), Vector(10.982, 3.553, 30.353), Vector(
			18.931, 7.550, 35.495), Vector(-12.134, 6.563, 38.591), Vector(-35.046, 4.562, 39.582), Vector(-24.333, 6.563, 38.145), Vector(
			-31.042, 2.562, 46.318), Vector(-26.114, 2.560, 44.065), Vector(19.567, 5.572, 26.967), Vector(-34.097, 9.300, 19.599), Vector(
			-32.528, 9.300, 13.744), Vector(-29.065, 3.140, 23.892), Vector(-40.125, 3.300, 2.911), Vector(-48.245, 3.300, -1.852), Vector(
			-41.317, 3.300, -12.748), Vector(-59.736, 3.300, 2.683), Vector(-29.466, 15.407, -12.781), Vector(-20.688, 7.302, -15.901),
			Vector(12.142, 12.300, -32.822), Vector(-4.723, 11.560, -59.287), Vector(8.298, 14.387, -38.165), Vector(6.979, 14.385,
			-57.871), Vector(-0.466, 12.560, -60.552), Vector(-1.775, 12.560, -64.480), Vector(0.495, 12.560, -57.333), Vector(0.495,
			12.560, -57.333), Vector(2.612, 7.278, -28.583), Vector(1.052, 7.551, -65.728), Vector(-5.700, 4.050, -46.336), Vector(-9.005,
			4.050, -40.755), Vector(6.997, 4.050, -41.852), Vector(15.834, 4.050, -44.274), Vector(37.364, 4.300, -31.178), Vector(35.951,
			4.300, -62.894), Vector(29.072, 4.332, -48.365), Vector(26.730, 4.331, -59.156), Vector(27.440, 4.331, -53.720), Vector(7.301,
			5.300, -96.428), Vector(9.674, 5.300, -102.715), Vector(-9.049, 5.300, -138.614), Vector(2.252, 5.300, -123.736), Vector(
			-14.586, 4.300, -120.536), Vector(-19.270, 3.300, -107.014), Vector(-16.729, 3.300, -104.340), Vector(-18.953, 3.300, -89.604),
			Vector(-33.369, 3.300, -86.313), Vector(-46.740, 5.300, -86.348), Vector(-53.653, 11.300, -106.992), Vector(-45.913, 5.300,
			-109.876), Vector(-39.551, 3.300, -109.537), Vector(-44.326, 5.300, -124.824), Vector(-41.818, 5.300, -139.870), Vector(
			-23.072, 2.300, -114.457), Vector(-22.914, 3.300, -124.173), Vector(-20.388, 5.300, -142.092), Vector(-13.299, 11.299,
			-130.472), Vector(-16.838, 7.300, -66.047), Vector(-20.878, 7.301, -45.788), Vector(-36.210, 7.432, -171.303), Vector(-26.075,
			7.432, -174.217));
		Global.Staircase_Bottom = Array(Vector(5.603, 1.555, 78.188), Vector(-30.286, 1.550, 78.067), Vector(-9.963, 2.557, 71.762),
			Vector(-14.430, 2.557, 71.950), Vector(-14.412, 1.557, 62.809), Vector(-9.883, 1.555, 62.858), Vector(3.283, 1.553, 67.244),
			Vector(17.258, 1.552, 63.960), Vector(21.583, 1.550, 40.967), Vector(29.150, 4.550, 45.146), Vector(11.137, 1.548, 35.505),
			Vector(12.603, 3.553, 29.408), Vector(-12.050, 3.562, 31.596), Vector(-34.948, 2.562, 44.227), Vector(-29.379, 4.562, 38.065),
			Vector(-30.999, 1.550, 49.626), Vector(-22.616, 1.562, 44.020), Vector(19.798, 3.300, 18.199), Vector(-26.429, 3.300, 31.528),
			Vector(-32.729, 3.300, 1.402), Vector(-37.195, 1.153, 19.067), Vector(-42.796, 1.300, 7.246), Vector(-51.145, 1.300, 2.840),
			Vector(-43.588, 1.324, -8.870), Vector(-64.289, 1.300, 0.187), Vector(-32.290, 3.441, -14.735), Vector(-12.550, 3.300,
			-17.940), Vector(14.201, 3.456, -31.474), Vector(-6.844, 3.523, -58.723), Vector(5.720, 12.300, -34.015), Vector(5.756, 12.560,
			-62.842), Vector(-3.004, 11.560, -59.971), Vector(-3.975, 11.558, -63.924), Vector(-2.348, 11.560, -56.618), Vector(-2.348,
			11.560, -56.618), Vector(9.872, 3.299, -24.144), Vector(-3.291, 3.550, -57.799), Vector(-4.104, 3.153, -49.113), Vector(
			-10.555, 3.399, -37.825), Vector(3.500, 3.154, -40.913), Vector(19.820, 3.157, -45.276), Vector(34.320, 3.300, -30.258),
			Vector(35.122, 3.298, -66.431), Vector(29.959, 3.166, -45.353), Vector(26.280, 3.154, -61.833), Vector(23.591, 3.154, -52.773),
			Vector(8.479, 3.298, -91.678), Vector(6.153, 3.300, -101.892), Vector(-8.142, 4.300, -134.662), Vector(-0.389, 4.300,
			-123.119), Vector(-13.575, 3.300, -116.229), Vector(-24.079, 1.292, -105.636), Vector(-16.110, 2.344, -102.077), Vector(
			-24.034, 1.291, -88.494), Vector(-28.734, 1.292, -87.430), Vector(-42.182, 3.300, -87.459), Vector(-50.260, 5.300, -94.317),
			Vector(-44.746, 3.300, -104.830), Vector(-34.358, 1.292, -110.930), Vector(-39.468, 3.300, -125.932), Vector(-40.493, 3.300,
			-135.137), Vector(-25.657, 1.316, -113.688), Vector(-22.084, 2.300, -121.242), Vector(-19.490, 3.300, -137.441), Vector(
			-16.691, 5.300, -143.223), Vector(-19.164, 3.279, -74.593), Vector(-12.037, 3.300, -47.976), Vector(-32.673, 5.466, -157.160),
			Vector(-22.207, 5.466, -159.831));
		Global.Healthkits_Small = Array(Vector(19.612, 1.550, 44.681), Vector(-18.617, 3.300, -8.611), Vector(9.475, 3.300, -1.905),
			Vector(7.115, 3.550, -63.766), Vector(31.007, 3.408, -78.412), Vector(-47.860, 5.300, -114.115), Vector(-14.088, 3.300,
			-134.080), Vector(-52.521, 5.300, -145.727));
		Global.Healthkits_Large = Array(Vector(-20.049, 6.563, 35.853), Vector(10.431, 3.300, 11.034), Vector(-35.313, 1.300, 8.813),
			Vector(-16.441, 3.279, -64.997), Vector(14.369, 3.300, -39.398), Vector(-21.655, 3.300, -110.906), Vector(-36.247, 3.300,
			-91.348));
		Global.Staircase_Middle = Array(Vector(5.605, 2.550, 82.010), Vector(-29.833, 2.550, 81.799), 0, 0, 0, 0, 0, Vector(26.113, 4.550,
			64.058), 0, 0, 0, Vector(18.758, 5.572, 29.630), 0, 0, 0, 0, 0, Vector(19.806, 5.324, 22.999), Vector(-36.772, 7.300, 25.035),
			Vector(-37.794, 7.300, 9.767), 0, 0, 0, 0, 0, Vector(-32.248, 14.986, -14.801), Vector(-17.235, 5.300, -20.828), Vector(14.200,
			11.970, -31.475), Vector(-6.846, 11.453, -58.722), 0, 0, 0, 0, 0, 0, Vector(4.264, 5.281, -22.729), Vector(-4.142, 5.550,
			-63.198), 0, 0, 0, 0, 0, 0, 0, 0, 0, 0, 0, 0, 0, 0, 0, 0, 0, 0, 0, 0, 0, 0, 0, 0, 0, 0, 0, 0, 0, Vector(-15.226, 5.302,
			-43.673), 0, 0);
		Global.Jump_Start = Array(Vector(-0.519, 7.300, -32.935), Vector(3.495, 7.300, -38.904));
		Global.Jump_End = Array(Vector(-0.677, 7.300, -32.063), Vector(4.034, 7.358, -39.486));
	}
