	actions
	{
		Global.Path_Nodes = Array(Vector(9.196, 0.550, -39.434), Vector(11.401, 0.550, -48.551), Vector(17.060, 0.550, -47.321), Vector(
			10.145, 0.550, -54.886), Vector(-7.195, 2.550, -57.800), Vector(-16.610, 2.550, -53.392), Vector(-11.351, 2.550, -44.677),
			Vector(-12.036, 2.550, -53.036), Vector(-8.476, 7.550, -39.981), Vector(-12.171, 7.550, -44.938), Vector(-22.947, 7.550,
			-46.506), Vector(-26.120, 7.550, -43.165), Vector(-29.479, 7.605, -47.732), Vector(-33.943, 10.550, -34.043), Vector(-31.846,
			10.606, -33.793), Vector(-36.280, 10.456, -34.590), Vector(-36.852, 10.550, -16.323), Vector(-29.202, 10.550, -15.477), Vector(
			-28.773, 10.387, -17.476), Vector(-3.109, 1.613, -38.821), Vector(9.893, 2.550, -7.263), Vector(9.658, 2.550, -4.557), Vector(
			9.293, 2.550, -1.506), Vector(1.302, 1.617, -1.485), Vector(-1.910, 1.443, -13.279), Vector(2.922, 1.624, -9.031), Vector(
			-5.022, 1.426, -8.452), Vector(-9.058, 1.428, 1.100), Vector(-8.908, 1.426, 7.303), Vector(-18.012, 1.814, 3.825), Vector(
			-26.185, 1.424, 5.212), Vector(-25.191, 1.441, 14.747), Vector(-20.855, 1.624, 23.107), Vector(-16.190, 1.434, 14.531), Vector(
			-8.738, 1.434, 13.487), Vector(-1.785, 1.467, 7.002), Vector(4.378, 1.423, 11.534), Vector(8.909, 1.611, 13.248), Vector(
			13.440, 1.609, 14.971), Vector(16.022, 1.415, 11.204), Vector(11.397, 1.417, 9.959), Vector(11.178, 7.560, 16.407), Vector(
			17.219, 7.550, 15.244), Vector(8.870, 7.550, -4.432), Vector(6.584, 7.562, -9.278), Vector(5.275, 7.574, -1.099), Vector(1.832,
			8.323, -0.095), Vector(3.496, 8.324, -11.201), Vector(9.378, 7.550, -15.892), Vector(1.363, 1.431, -18.716), Vector(11.307,
			1.604, -18.614), Vector(-8.060, 1.428, -18.345), Vector(-11.276, 1.423, -25.137), Vector(-4.991, 1.415, -30.638), Vector(
			-7.881, 1.617, -37.343), Vector(-10.342, 1.427, -30.411), Vector(3.517, 1.406, -23.590), Vector(0.081, 1.408, -30.039), Vector(
			5.308, 7.574, -35.759), Vector(1.786, 7.550, -33.506), Vector(0.550, 7.550, -41.600), Vector(-26.121, 7.562, 11.158), Vector(
			-25.791, 7.550, 0.862), Vector(-15.425, 7.550, -1.844), Vector(2.205, 2.700, 22.590), Vector(-8.102, 2.700, 24.895), Vector(
			-6.048, 2.550, 30.542), Vector(3.666, 2.550, 28.455), Vector(-4.186, 2.550, 39.709), Vector(5.115, 2.550, 37.690), Vector(
			10.432, 2.548, 36.748), Vector(-4.229, 15.454, 17.607), Vector(-2.472, 15.618, 24.496), Vector(-1.184, 10.331, 27.150), Vector(
			3.405, 10.550, 25.540), Vector(-7.674, 10.550, 27.933), Vector(-7.575, 6.550, 40.277), Vector(-12.809, 6.550, 37.904), Vector(
			-5.986, 6.550, 48.357), Vector(-4.243, 6.650, 56.446), Vector(-9.833, 6.550, 48.906), Vector(3.887, 3.550, 52.452), Vector(
			-28.606, 1.691, -35.743), Vector(-24.551, 2.550, -53.038), Vector(-37.274, 3.550, -49.387), Vector(-45.651, 1.491, -20.205),
			Vector(-53.534, 1.491, -22.701), Vector(-56.166, 1.491, -28.302), Vector(-55.212, 1.367, -42.853), Vector(-60.371, 1.728,
			-47.863), Vector(-64.673, 1.753, -48.760), Vector(-70.745, 1.721, -42.638), Vector(-83.189, 1.862, -47.182), Vector(-87.899,
			2.212, -32.201), Vector(-71.712, 6.106, -34.269), Vector(-79.752, 6.050, -40.159), Vector(-73.102, 6.050, -37.847), Vector(
			-74.423, 6.228, -41.303), Vector(-66.971, 6.050, -34.482), Vector(-72.135, 2.050, -38.710), Vector(-70.564, 2.050, -31.552),
			Vector(-76.966, 7.550, -14.745), Vector(-84.615, 7.550, -8.113), Vector(-78.358, 7.550, -6.193), Vector(-66.610, 6.645,
			-15.210), Vector(-58.553, 6.645, -13.802), Vector(-60.722, 6.592, -17.100), Vector(-87.319, 8.482, -18.518), Vector(-89.087,
			8.479, -5.112), Vector(-102.268, 8.479, -6.470), Vector(-88.614, 0.056, -59.438), Vector(-94.918, -0.946, -46.405), Vector(
			-111.836, -2.853, -53.196), Vector(-89.753, 2.487, -27.929), Vector(-110.128, 2.621, 3.221), Vector(-101.320, 2.621, 1.964),
			Vector(-99.729, 2.621, 9.080), Vector(-93.385, 2.633, 7.788), Vector(-89.114, 2.454, 1.831), Vector(-91.414, 2.446, -3.617),
			Vector(-82.979, 2.123, 4.956), Vector(-74.666, 1.340, 2.335), Vector(-72.681, 1.528, -4.188), Vector(-72.185, 1.361, -14.434),
			Vector(-64.562, 1.569, -12.285), Vector(-65.082, 1.460, -8.565), Vector(-72.673, 1.363, -10.538), Vector(-67.317, 1.550,
			1.465), Vector(-55.194, 1.550, 3.891), Vector(-107.358, 2.621, -15.315), Vector(-107.976, 2.621, -19.680), Vector(-113.264,
			2.621, -18.812), Vector(-119.159, 2.621, -15.469), Vector(-123.002, 2.621, -10.803), Vector(-128.749, 0.261, -6.545), Vector(
			-129.321, 0.534, -0.415), Vector(-134.519, 0.534, -0.117), Vector(-132.443, 0.534, -6.258), Vector(-139.544, 0.621, 0.951),
			Vector(-137.787, 0.621, 11.069), Vector(-133.016, 0.621, 11.832), Vector(-127.624, 0.675, 10.337), Vector(-132.927, 0.469,
			15.842), Vector(-128.184, 7.865, 13.621), Vector(-129.327, 7.865, 7.403), Vector(-135.489, 8.662, 9.532), Vector(-138.315,
			8.522, 30.921), Vector(-136.873, 8.621, 37.029), Vector(-128.060, 8.454, 35.772), Vector(-129.074, 8.621, 29.115), Vector(
			-134.632, 7.617, 15.216), Vector(-112.135, 7.678, 4.776), Vector(-116.630, 7.592, 5.381), Vector(-112.585, 0.621, 16.714),
			Vector(-113.119, 2.621, 28.774), Vector(-115.850, 2.621, 25.614), Vector(-118.652, 2.621, 30.012), Vector(-122.499, 2.621,
			26.676), Vector(-126.412, 2.675, 32.159), Vector(-131.271, 2.680, 28.712), Vector(-132.743, 1.621, 43.815), Vector(-136.632,
			1.631, 40.933), Vector(-140.580, 1.621, 45.193), Vector(-144.374, 1.621, 42.396), Vector(-148.711, 1.621, 46.277), Vector(
			-176.210, 1.739, 36.645), Vector(-170.817, 1.512, 39.525), Vector(-163.855, 1.622, 38.830), Vector(-161.322, 1.621, 48.341),
			Vector(-154.818, 1.621, 47.220), Vector(-153.745, 1.621, 38.769), Vector(-172.106, 1.512, 32.664), Vector(-164.571, 1.621,
			30.736), Vector(-166.354, 1.621, 13.610), Vector(-167.637, 1.621, 5.577), Vector(-161.203, 1.621, 4.594), Vector(-160.206,
			1.621, 12.749), Vector(-157.632, 1.621, 14.454), Vector(-153.322, 1.621, 3.248), Vector(-153.284, 1.631, 6.140), Vector(
			-156.705, -1.338, 21.930), Vector(-155.251, -1.321, 29.127), Vector(-159.402, -1.379, 25.771), Vector(-151.239, -1.654,
			32.258), Vector(-142.707, -1.654, 30.819), Vector(-142.364, -1.379, 38.169), Vector(-148.422, -1.379, 39.491));
		Global.Healthkits = Array(Vector(-3.705, 1.638, -25.786), Vector(14.521, 2.550, -10.111), Vector(-23.587, 1.618, 1.133), Vector(
			-19.308, 2.550, -16.277), Vector(21.086, 7.574, -37.386), Vector(-51.693, 1.491, -26.721), Vector(-69.738, 2.050, -35.468),
			Vector(-64.315, 1.571, -12.639), Vector(-91.914, 2.687, 9.372), Vector(-107.985, 2.621, 5.268), Vector(-118.904, 2.621,
			-20.536), Vector(-141.259, 0.621, 7.342), Vector(-136.381, -0.379, 33.772), Vector(-153.242, -1.364, 7.326));
		Global.ObjectiveA_Nodes = Array(Vector(-23.942, 1.444, -30.678), Vector(-21.332, 1.446, -30.179), Vector(-18.308, 1.430, -29.579),
			Vector(-15.467, 1.427, -28.999), Vector(-14.852, 1.424, -32.012), Vector(-17.725, 1.434, -32.843), Vector(-20.662, 1.437,
			-33.440), Vector(-23.389, 1.454, -33.969), Vector(-22.937, 1.650, -36.606), Vector(-20.239, 1.637, -36.091), Vector(-17.048,
			1.421, -35.473), Vector(-14.114, 1.421, -34.904), Vector(-13.448, 1.616, -37.568), Vector(-16.462, 1.616, -38.151), Vector(
			-19.567, 1.642, -38.753), Vector(-22.581, 1.664, -39.336));
		Global.ObjectiveB_Nodes = Array(Vector(-20.888, 1.666, -40.710), Vector(-21.582, 1.647, -37.250), Vector(-23.275, 1.451, -33.201),
			Vector(-25.950, 1.430, -29.381), Vector(-28.940, 1.444, -26.289), Vector(-33.382, 1.410, -25.828), Vector(-37.747, 1.422,
			-26.860), Vector(-41.566, 1.420, -28.722), Vector(-44.718, 1.417, -32.166), Vector(-48.065, 1.438, -35.135), Vector(-52.190,
			1.431, -36.241), Vector(-56.939, 1.150, -36.268), Vector(-60.979, 1.198, -34.954), Vector(-63.282, 1.224, -31.264), Vector(
			-64.840, 1.204, -26.683), Vector(-67.344, 1.237, -22.899), Vector(-71.700, 1.352, -22.606), Vector(-75.822, 1.549, -23.943),
			Vector(-80.065, 1.772, -25.118), Vector(-84.390, 2.113, -25.809), Vector(-88.143, 2.339, -24.471), Vector(-90.923, 2.404,
			-21.130), Vector(-91.943, 2.420, -16.954), Vector(-93.173, 2.471, -12.931), Vector(-97.336, 2.681, -11.105), Vector(-101.773,
			2.499, -10.519), Vector(-106.099, 2.097, -9.832), Vector(-110.979, 1.268, -8.994), Vector(-115.337, 0.554, -8.217), Vector(
			-120.324, 0.325, -7.169), Vector(-124.522, 0.325, -4.433), Vector(-125.212, 0.325, 0.534), Vector(-124.514, 0.325, 5.411),
			Vector(-123.759, 0.325, 10.631), Vector(-123.909, 0.325, 15.571), Vector(-128.033, 0.325, 17.800), Vector(-133.491, 0.325,
			18.797), Vector(-137.928, -0.513, 19.537), Vector(-142.779, -1.560, 20.329), Vector(-147.146, -1.304, 21.015), Vector(-151.408,
			-1.304, 21.686), Vector(-16.616, 1.624, -40.004), Vector(-17.438, 1.619, -36.486), Vector(-18.798, 1.438, -33.156), Vector(
			-20.928, 1.446, -30.351), Vector(-23.586, 1.424, -27.290), Vector(-26.293, 1.426, -24.525), Vector(-29.562, 1.470, -22.991),
			Vector(-33.256, 1.409, -22.882), Vector(-37.201, 1.404, -23.247), Vector(-40.973, 1.391, -24.136), Vector(-44.524, 1.390,
			-26.031), Vector(-47.681, 1.388, -28.960), Vector(-51.201, 1.277, -31.545), Vector(-55.769, 1.147, -32.265), Vector(-59.381,
			1.185, -30.301), Vector(-60.874, 1.231, -26.174), Vector(-62.492, 1.206, -21.720), Vector(-65.485, 1.219, -18.874), Vector(
			-69.994, 1.290, -19.051), Vector(-74.366, 1.437, -19.788), Vector(-78.913, 1.716, -20.718), Vector(-83.313, 2.059, -21.496),
			Vector(-86.835, 2.385, -18.765), Vector(-88.305, 2.386, -14.346), Vector(-95.656, 2.727, -6.756), Vector(-100.128, 2.531,
			-6.453), Vector(-104.437, 2.372, -5.625), Vector(-108.972, 1.502, -4.736), Vector(-113.315, 0.727, -3.991), Vector(-117.960,
			0.325, -3.111), Vector(-120.421, 0.325, 0.470), Vector(-120.060, 0.325, 5.102), Vector(-119.319, 0.325, 9.799), Vector(
			-118.606, 0.325, 14.322), Vector(-118.813, 0.325, 19.179), Vector(-123.077, 0.325, 21.771), Vector(-127.343, 0.325, 22.729),
			Vector(-132.545, 0.325, 23.800), Vector(-137.537, -0.672, 24.562), Vector(-142.017, -1.560, 25.307), Vector(-146.912, -1.306,
			26.500), Vector(-150.541, -1.306, 27.253), Vector(-153.015, -1.306, 23.869), Vector(-89.408, 2.403, -10.905), Vector(-92.151,
			2.447, -8.072));
		Global.Chokepoint = Array();
		Global.Staircase_Top = Array(Vector(10.901, 7.550, 20.150), Vector(-7.076, 2.502, 40.793), Vector(-20.501, 1.710, 26.918), Vector(
			23.223, 5.551, -6.088), Vector(17.327, 7.550, -3.445), Vector(16.477, 7.576, -36.698), Vector(-3.021, 2.381, -57.084), Vector(
			-7.692, 7.550, -45.376), Vector(1.915, 1.550, -38.652), Vector(-7.067, 2.550, -43.438), Vector(-32.935, 10.550, -39.771),
			Vector(-39.157, 10.550, -12.765), Vector(-21.888, 2.565, -20.931), Vector(-23.057, 2.550, -12.939), Vector(-15.196, 2.549,
			-15.560), Vector(-26.239, 2.550, -43.541), Vector(-3.482, 2.700, 20.061), Vector(-35.191, 3.550, -54.753), Vector(-48.209,
			3.550, -50.530), Vector(-37.369, 3.550, -43.138), Vector(-82.032, 6.050, -38.562), Vector(-80.129, 4.050, -33.236), Vector(
			-75.409, 6.050, -28.510), Vector(-56.577, 6.570, -11.354), Vector(-59.384, 6.622, -9.854), Vector(-71.051, 7.571, -13.859),
			Vector(-85.627, 8.488, -16.455), Vector(-109.576, 3.621, 8.460), Vector(-101.511, 8.678, 2.989), Vector(-94.581, 3.054,
			-29.747), Vector(-98.744, -0.946, -47.866), Vector(-91.438, 0.054, -55.473), Vector(-68.694, 2.054, -51.191), Vector(-109.639,
			2.621, 0.580), Vector(-112.304, 2.621, -14.002), Vector(-126.833, 2.640, -15.060), Vector(-135.902, 1.621, -11.120), Vector(
			-110.887, 2.680, 25.372), Vector(-129.856, 2.621, 35.380), Vector(-150.917, 1.621, 44.445), Vector(-157.361, 1.621, 5.901),
			Vector(-137.892, -0.385, 33.945));
		Global.Staircase_Bottom = Array(Vector(12.992, 2.550, 33.380), Vector(-11.536, 0.550, 41.755), Vector(-19.848, 0.550, 29.827),
			Vector(15.829, 2.550, -7.544), Vector(22.632, 5.551, -2.713), Vector(18.895, 1.616, -19.122), Vector(0.801, 0.550, -56.345),
			Vector(-5.912, 2.550, -55.790), Vector(4.507, 0.550, -39.167), Vector(-3.802, 1.569, -42.907), Vector(-31.834, 7.550, -46.278),
			Vector(-56.428, 6.506, -16.246), Vector(-24.674, 1.582, -21.643), Vector(-25.938, 1.627, -13.411), Vector(-12.329, 1.700,
			-15.194), Vector(-26.622, 1.688, -40.746), Vector(-4.012, 1.620, 17.321), Vector(-31.840, 2.550, -54.210), Vector(-48.638,
			1.641, -44.520), Vector(-38.583, 1.598, -37.868), Vector(-84.786, 2.387, -30.693), Vector(-74.796, 2.082, -31.246), Vector(
			-80.976, 4.050, -30.375), Vector(-47.324, 1.549, -4.973), Vector(-68.718, 1.535, -5.685), Vector(-68.543, 6.570, -13.401),
			Vector(-82.429, 7.550, -15.955), Vector(-110.101, 2.621, 5.625), Vector(-108.282, 3.621, 10.181), Vector(-98.024, -0.946,
			-41.567), Vector(-101.265, -1.946, -49.107), Vector(-92.841, -0.946, -52.559), Vector(-73.173, 0.054, -53.140), Vector(
			-110.092, 1.156, -2.614), Vector(-111.679, 1.140, -10.097), Vector(-129.855, 1.621, -14.575), Vector(-135.548, 0.534, -7.746),
			Vector(-111.674, 0.621, 20.216), Vector(-129.192, 1.621, 39.128), Vector(-152.071, -1.379, 36.831), Vector(-156.211, -1.363,
			12.890), Vector(-140.375, -1.379, 34.526));
		Global.Healthkits_Small = Array(Vector(-3.705, 1.638, -25.786), Vector(-19.308, 2.550, -16.277), Vector(21.086, 7.574, -37.386),
			Vector(-51.693, 1.491, -26.721), Vector(-64.315, 1.571, -12.639), Vector(-91.914, 2.687, 9.372), Vector(-107.985, 2.621,
			5.268), Vector(-136.381, -0.379, 33.772), Vector(-153.242, -1.364, 7.326));
		Global.Healthkits_Large = Array(Vector(14.521, 2.550, -10.111), Vector(-23.587, 1.618, 1.133), Vector(-69.738, 2.050, -35.468),
			Vector(-118.904, 2.621, -20.536), Vector(-141.259, 0.621, 7.342));
		Global.Staircase_Middle = Array(Vector(11.945, 6.366, 25.188), 0, 0, 0, 0, Vector(17.903, 4.550, -27.726), 0, 0, 0, 0, 0, Vector(
			-47.967, 8.506, -14.664), 0, 0, 0, 0, 0, 0, 0, 0, 0, 0, 0, Vector(-47.003, 2.551, -9.182), Vector(-61.478, 4.550, -4.484), 0,
			0, 0, Vector(-101.033, 6.621, 8.686), Vector(-100.547, 1.056, -32.966), 0, 0, 0, 0, 0, 0, 0, 0, 0, 0, 0, 0);
		Global.Jump_Start = Array(Vector(-142.454, 8.621, 9.848));
		Global.Jump_End = Array(Vector(-143.397, 8.672, 10.063));
	}
