	actions
	{
		Global.Path_Nodes = Array(Vector(15.194, 9.566, -115.670), Vector(-8.124, 9.550, -114.298), Vector(6.238, 7.550, -96.591), Vector(
			24.046, 7.550, -109.866), Vector(-15.743, 7.550, -105.756), Vector(-45.286, 9.767, -91.138), Vector(-30.104, 6.550, -85.122),
			Vector(-25.822, 6.550, -79.938), Vector(-35.259, 6.550, -79.873), Vector(-29.910, 6.550, -75.047), Vector(-47.142, 5.669,
			-80.048), Vector(-48.995, 5.459, -89.424), Vector(-54.173, 6.108, -84.205), Vector(-61.268, 5.667, -80.536), Vector(-55.512,
			6.263, -75.931), Vector(5.409, 3.957, -54.528), Vector(1.262, 4.550, -57.541), Vector(9.137, 4.550, -57.389), Vector(4.641,
			4.575, -61.933), Vector(15.994, 4.550, -61.786), Vector(-1.698, 4.550, -62.066), Vector(-6.585, 4.983, -61.244), Vector(
			-11.450, 5.550, -59.499), Vector(-29.157, 5.459, -98.593), Vector(-43.953, 5.459, -97.756), Vector(-57.394, 5.572, -94.932),
			Vector(-11.206, 7.611, -90.961), Vector(1.019, 7.611, -89.614), Vector(-17.919, 7.611, -97.591), Vector(21.465, 7.611,
			-97.382), Vector(14.710, 7.611, -90.263), Vector(9.881, 7.611, -91.741), Vector(32.235, 7.611, -105.072), Vector(27.813, 7.611,
			-106.703), Vector(78.460, 1.351, -53.401), Vector(66.221, 1.401, -53.171), Vector(84.817, 2.550, -65.302), Vector(80.199,
			2.550, -68.838), Vector(71.701, 2.300, -71.905), Vector(60.791, 2.549, -70.158), Vector(76.869, 3.188, -74.898), Vector(76.968,
			3.232, -79.472), Vector(80.883, 3.550, -78.391), Vector(80.266, 3.550, -85.548), Vector(76.023, 3.550, -93.669), Vector(73.532,
			3.602, -86.159), Vector(70.828, 2.300, -76.171), Vector(66.236, 1.355, -32.618), Vector(77.892, 1.410, -32.880), Vector(84.334,
			5.550, -43.281), Vector(87.634, 5.550, -39.383), Vector(87.485, 5.550, -46.631), Vector(89.831, 5.550, -42.826), Vector(93.248,
			5.577, -42.998), Vector(91.097, 5.550, -57.026), Vector(91.346, 5.550, -62.402), Vector(99.250, 5.550, -62.400), Vector(95.021,
			5.550, -66.212), Vector(90.660, 5.550, -50.151), Vector(96.894, 5.578, -50.716), Vector(90.529, 5.550, -35.989), Vector(96.868,
			5.578, -35.560), Vector(90.843, 5.550, -29.278), Vector(91.296, 5.550, -23.183), Vector(98.674, 5.550, -23.365), Vector(94.302,
			5.550, -19.237), Vector(78.059, 5.550, -45.969), Vector(77.915, 5.550, -40.165), Vector(79.663, 5.550, -43.021), Vector(73.156,
			5.550, -43.044), Vector(73.145, 5.560, -45.326), Vector(73.180, 5.550, -40.964), Vector(68.006, 5.550, -40.020), Vector(67.236,
			5.550, -42.860), Vector(67.877, 5.550, -46.281), Vector(62.625, 5.550, -38.887), Vector(63.304, 5.550, -46.569), Vector(51.715,
			5.552, -35.256), Vector(51.518, 5.629, -50.788), Vector(83.174, -1.450, -37.938), Vector(83.129, -1.450, -48.424), Vector(
			62.920, -1.450, -48.879), Vector(63.033, -1.450, -36.607), Vector(57.958, -1.450, -43.158), Vector(44.479, 1.550, -49.639),
			Vector(18.172, 4.569, -55.787), Vector(20.493, 5.554, -76.063), Vector(25.671, 4.569, -70.811), Vector(31.898, 4.569, -74.930),
			Vector(31.713, 5.557, -79.431), Vector(41.885, 4.585, -72.140), Vector(37.663, 5.242, -68.995), Vector(43.136, 5.564, -63.157),
			Vector(47.219, 5.601, -59.230), Vector(55.809, 5.600, -58.349), Vector(56.390, 5.600, -53.294), Vector(57.699, 0.548, -95.111),
			Vector(57.157, 0.548, -85.107), Vector(54.110, 0.796, -79.382), Vector(46.542, 0.798, -71.311), Vector(41.090, 1.435, -64.914),
			Vector(38.501, 1.721, -58.078), Vector(36.833, 1.815, -43.105), Vector(36.115, 1.721, -33.266), Vector(31.606, 1.721, -29.286),
			Vector(26.752, 1.720, -35.275), Vector(30.693, 1.720, -38.713), Vector(35.740, 1.721, -52.758), Vector(31.581, 1.814, -56.678),
			Vector(30.724, 1.814, -46.670), Vector(26.492, 1.721, -50.959), Vector(26.355, 1.721, -42.630), Vector(22.982, 1.721, -44.824),
			Vector(19.150, 1.774, -41.411), Vector(22.479, 1.721, -38.004), Vector(32.975, 5.555, -13.401), Vector(41.004, 5.551, -20.162),
			Vector(47.433, 5.605, -26.932), Vector(56.332, 5.585, -33.576), Vector(55.418, 5.585, -26.922), Vector(44.999, 1.552, -36.658),
			Vector(41.610, 1.550, -53.727), Vector(41.249, 1.564, -31.910), Vector(37.407, 1.721, -28.409), Vector(41.521, 1.719, -21.263),
			Vector(49.171, 0.751, -14.650), Vector(44.617, 0.993, -10.596), Vector(50.150, 0.715, -9.323), Vector(84.449, 2.550, -20.972),
			Vector(80.674, 2.550, -17.021), Vector(71.419, 2.300, -15.083), Vector(61.940, 2.550, -16.952), Vector(71.900, 2.454, -9.708),
			Vector(76.603, 3.041, -10.968), Vector(76.733, 3.105, -6.482), Vector(80.812, 3.550, -6.466), Vector(79.521, 3.550, 0.326),
			Vector(57.259, 5.558, 0.145), Vector(49.035, 5.559, -0.095), Vector(43.441, 5.782, 5.100), Vector(43.272, 5.782, -5.312),
			Vector(90.871, 5.550, 25.673), Vector(85.613, 5.550, 25.844), Vector(91.006, 5.094, 30.855), Vector(57.574, 5.558, -85.925),
			Vector(45.961, 5.550, -86.018), Vector(39.730, 5.549, -86.036), Vector(32.175, 5.300, -96.977), Vector(34.727, 5.300, -87.919),
			Vector(27.648, 5.564, -82.777), Vector(23.336, 5.553, -89.293), Vector(20.473, 5.551, -83.019), Vector(14.762, 5.551, -77.438),
			Vector(12.625, 5.551, -83.179), Vector(4.519, 5.547, -82.714), Vector(-5.573, 5.547, -79.524), Vector(-13.180, 5.459, -83.726),
			Vector(-20.980, 5.459, -92.177), Vector(-11.642, 5.459, -73.052), Vector(-20.144, 5.459, -63.786), Vector(-29.875, 6.130,
			-66.714), Vector(-25.087, 5.459, -57.175), Vector(-16.124, 5.491, -54.295), Vector(-16.928, 5.459, -46.861), Vector(-31.266,
			5.574, -55.391), Vector(-31.239, 5.582, -46.233), Vector(-28.479, 5.610, -43.385), Vector(-35.114, 5.459, -62.460), Vector(
			-42.581, 5.457, -64.903), Vector(-52.350, 5.557, -65.869), Vector(-46.819, 5.565, -72.032), Vector(-60.728, 5.606, -74.198),
			Vector(-58.183, 5.459, -87.959), Vector(-51.764, 5.606, -96.717), Vector(-35.888, 5.181, -42.181), Vector(-35.865, 5.186,
			-37.518), Vector(-39.898, 4.550, -40.121), Vector(-41.532, 4.550, -44.682), Vector(-41.680, 4.550, -34.869), Vector(-44.429,
			4.550, -54.083), Vector(-50.173, 4.550, -56.662), Vector(-51.291, 7.490, -46.710), Vector(-57.119, 7.501, -45.146), Vector(
			-57.043, 7.490, -34.123), Vector(-51.276, 7.490, -33.667), Vector(-44.201, 4.550, -26.223), Vector(-49.945, 4.550, -23.498),
			Vector(-86.052, 4.633, -46.193), Vector(-89.359, 4.633, -39.679), Vector(-82.853, 4.633, -39.859), Vector(-86.011, 4.633,
			-32.993), Vector(-88.756, 0.550, -59.907), Vector(-94.161, 0.550, -59.293), Vector(-95.931, 0.550, -52.752), Vector(-95.574,
			0.571, -46.419), Vector(-89.621, 0.578, -45.979), Vector(-89.424, 0.580, -40.199), Vector(-89.606, 0.578, -33.413), Vector(
			-95.844, 0.571, -33.672), Vector(-93.492, 0.550, -19.950), Vector(-83.611, 0.550, -59.616), Vector(-77.596, 0.550, -56.653),
			Vector(-77.524, 0.550, -22.895), Vector(-89.225, 0.550, -20.426), Vector(-83.827, 0.553, -19.828), Vector(-96.332, 0.548,
			-26.742), Vector(-60.341, 4.575, -54.404), Vector(-60.104, 4.575, -25.670), Vector(-84.213, 3.548, -6.407), Vector(-72.618,
			3.544, -7.192), Vector(-83.890, 3.557, -73.501), Vector(-72.435, 3.544, -72.584), Vector(-82.574, 3.550, -79.764), Vector(
			-83.569, 3.550, -0.072), Vector(-28.037, 5.613, -36.702), Vector(-31.361, 5.581, -33.756), Vector(-31.061, 5.567, -24.693),
			Vector(-16.713, 5.459, -40.276), Vector(-19.934, 5.737, -40.392), Vector(-16.835, 5.459, -33.037), Vector(-25.389, 1.721,
			-40.936), Vector(-16.740, 1.721, -40.817), Vector(-8.044, 1.721, -40.604), Vector(-4.432, 2.344, -37.734), Vector(4.888, 2.263,
			-37.885), Vector(13.540, 1.721, -39.867), Vector(-18.499, 5.459, -25.926), Vector(-25.946, 5.596, -21.444), Vector(-30.929,
			6.532, -13.072), Vector(-31.138, 6.213, -5.914), Vector(-26.323, 6.539, 0.358), Vector(-31.280, 6.213, 6.115), Vector(-36.094,
			6.539, 0.304), Vector(-45.866, 5.900, 0.021), Vector(-30.845, 5.592, -18.708), Vector(-38.166, 5.585, -14.382), Vector(-43.956,
			5.459, -14.785), Vector(-51.687, 5.459, -13.545), Vector(-46.630, 5.594, -7.969), Vector(-52.748, 5.459, -7.280), Vector(
			-58.095, 5.459, -6.115), Vector(-61.787, 5.593, 0.123), Vector(-57.215, 5.459, 6.261), Vector(-51.822, 5.459, 5.819), Vector(
			-46.159, 5.459, 10.367), Vector(-50.186, 5.459, 14.036), Vector(-62.003, 5.550, 12.649), Vector(-40.667, 5.459, 15.474),
			Vector(-33.859, 5.459, 18.218), Vector(-12.813, 5.031, 1.988), Vector(-12.608, 4.962, -1.968), Vector(-15.917, 5.582, -4.116),
			Vector(-22.375, 5.927, -0.105), Vector(-16.021, 5.483, 4.388), Vector(-11.859, 5.453, -11.021), Vector(-13.979, 5.592,
			-14.463), Vector(-18.391, 5.592, -16.796), Vector(-16.506, 5.592, -21.108), Vector(-12.269, 5.592, -19.050), Vector(-7.070,
			5.592, -22.463), Vector(-2.821, 5.523, -20.388), Vector(-4.605, 5.545, -14.781), Vector(5.758, 5.636, -21.265), Vector(5.082,
			5.559, -14.746), Vector(8.056, 5.681, -8.429), Vector(15.781, 5.647, -11.771), Vector(12.308, 5.420, -9.783), Vector(16.442,
			5.484, -4.102), Vector(13.768, 5.574, 0.206), Vector(18.899, 5.576, -0.005), Vector(16.330, 5.574, 4.666), Vector(0.046, 1.027,
			-14.373), Vector(-0.051, 1.626, -9.656), Vector(6.551, 0.550, -20.811), Vector(-2.547, 0.550, -21.909), Vector(3.161, 0.550,
			-26.222), Vector(10.402, 0.550, -24.648), Vector(11.591, 0.550, -18.917), Vector(4.264, 0.550, -15.622), Vector(-6.223, 0.550,
			-17.457), Vector(-6.676, 0.550, -25.354), Vector(-0.359, 1.586, 9.452), Vector(-0.240, 1.025, 14.377), Vector(-2.075, 0.550,
			21.664), Vector(6.250, 0.551, 21.580), Vector(2.517, 0.550, 26.216), Vector(-7.194, 0.550, 25.242), Vector(-7.161, 0.550,
			17.678), Vector(8.567, 0.550, 17.910), Vector(13.221, 0.550, 21.888), Vector(9.960, 0.550, 26.131), Vector(6.337, 1.627,
			7.100), Vector(7.035, 1.568, -7.127), Vector(9.808, 1.592, -0.563), Vector(8.113, 5.683, 8.526), Vector(6.557, 5.574, 13.914),
			Vector(7.053, 5.650, 21.705), Vector(-2.394, 5.580, 20.688), Vector(-1.828, 5.512, 14.638), Vector(-12.791, 5.574, 11.385),
			Vector(-14.181, 5.592, 14.937), Vector(-18.610, 5.592, 16.055), Vector(-17.010, 5.592, 21.067), Vector(-12.879, 5.592, 19.256),
			Vector(-7.709, 5.592, 22.014), Vector(15.388, 5.647, 12.532), Vector(11.905, 5.574, 9.462), Vector(-24.707, 11.614, -3.754),
			Vector(-21.023, 11.614, -3.488), Vector(-20.960, 11.614, 3.310), Vector(-25.050, 11.614, 3.133), Vector(46.901, 4.627, 40.598),
			Vector(46.898, 4.550, 45.543), Vector(50.386, 4.550, 42.910), Vector(44.294, 4.550, 43.002), Vector(56.008, 4.649, 43.609),
			Vector(86.572, 4.550, 42.986), Vector(90.267, 4.550, 39.592), Vector(90.823, 4.550, 46.829), Vector(90.564, 5.278, 55.401),
			Vector(85.648, 5.550, 59.907), Vector(91.251, 5.550, 60.298), Vector(83.100, 2.521, 58.760), Vector(78.118, 2.521, 63.489),
			Vector(81.950, 2.550, 67.321), Vector(76.854, 2.550, 72.312), Vector(71.180, 2.550, 72.141), Vector(61.657, 2.619, 71.921),
			Vector(58.471, 2.550, 69.388), Vector(53.980, 2.545, 68.278), Vector(46.575, 2.408, 61.352), Vector(42.869, 1.821, 65.556),
			Vector(46.777, 1.127, 67.159), Vector(43.614, 1.080, 70.517), Vector(46.502, 0.828, 74.910), Vector(50.789, 0.815, 69.941),
			Vector(52.091, 0.817, 75.726), Vector(71.148, 2.300, 77.623), Vector(76.394, 2.958, 79.040), Vector(79.966, 3.550, 80.381),
			Vector(79.835, 3.550, 86.005), Vector(75.924, 3.550, 92.226), Vector(57.676, 5.558, 86.068), Vector(57.646, 0.548, 85.519),
			Vector(57.351, 0.548, 81.215), Vector(58.396, 0.548, 93.868), Vector(36.814, 1.821, 59.027), Vector(39.737, 2.300, 54.750),
			Vector(34.223, 1.821, 48.589), Vector(38.997, 1.812, 43.224), Vector(33.409, 1.691, 36.978), Vector(28.799, 1.691, 42.689),
			Vector(39.886, 2.276, 31.053), Vector(37.082, 1.691, 28.226), Vector(42.586, 1.691, 22.883), Vector(45.765, 2.387, 25.468),
			Vector(58.812, 2.549, 16.438), Vector(53.087, 2.545, 17.880), Vector(61.818, 2.619, 13.903), Vector(71.033, 2.550, 13.686),
			Vector(70.926, 2.444, 7.079), Vector(76.869, 3.159, 7.335), Vector(76.357, 2.550, 14.143), Vector(82.096, 2.550, 18.724),
			Vector(76.683, 2.521, 22.543), Vector(82.916, 2.521, 25.686), Vector(85.413, -0.435, 43.028), Vector(78.056, -0.888, 43.140),
			Vector(75.195, -0.901, 45.524), Vector(75.158, -0.082, 47.563), Vector(70.868, 0.589, 49.574), Vector(66.401, -0.160, 47.363),
			Vector(66.479, -0.991, 45.310), Vector(75.316, -0.954, 40.604), Vector(75.351, -0.090, 38.462), Vector(70.399, 0.589, 35.965),
			Vector(66.449, -0.153, 38.619), Vector(66.460, -1.002, 40.718), Vector(71.321, -1.448, 43.199), Vector(71.106, 0.580, 30.513),
			Vector(70.968, 0.580, 54.550), Vector(46.872, 5.558, 86.094), Vector(38.550, 5.556, 86.037), Vector(5.237, 4.017, 54.647),
			Vector(9.139, 4.550, 57.511), Vector(0.712, 4.550, 57.607), Vector(4.908, 4.550, 62.163), Vector(-6.683, 5.033, 63.448),
			Vector(-10.846, 5.550, 59.871), Vector(15.268, 4.550, 61.932), Vector(41.028, 4.392, 68.832), Vector(36.336, 4.569, 72.725),
			Vector(32.950, 5.014, 76.537), Vector(32.855, 5.300, 81.401), Vector(25.005, 4.953, 72.300), Vector(19.449, 5.553, 76.887),
			Vector(24.191, 5.697, 81.160), Vector(26.442, 4.569, 64.166), Vector(9.924, 1.691, 40.063), Vector(-3.212, 1.691, 39.697),
			Vector(-17.356, 1.621, 40.906), Vector(-23.888, 1.849, 40.297), Vector(22.247, 1.691, 44.558), Vector(27.510, 1.740, 34.570),
			Vector(22.729, 1.691, 37.987), Vector(16.001, 1.861, 38.882), Vector(-19.972, 5.590, 40), Vector(-16.831, 5.459, 33.465),
			Vector(-16.582, 5.459, 40.133), Vector(-16.692, 5.459, 45.779), Vector(-18.566, 5.459, 26.413), Vector(-30.603, 5.578, 26.305),
			Vector(-30.725, 5.578, 33.707), Vector(-27.695, 5.624, 36.818), Vector(-34.893, 6.140, 40.065), Vector(-27.865, 5.624, 43.046),
			Vector(-31.122, 5.577, 46.341), Vector(-30.387, 5.575, 53.541), Vector(-18.777, 5.459, 52.365), Vector(-27.193, 5.595, 21.004),
			Vector(-41.003, 9.551, 21.253), Vector(-45.199, 9.547, 21.037), Vector(-45.136, 9.888, 17.962), Vector(-49.019, 9.547, 21.439),
			Vector(-40.045, 6.562, 40.212), Vector(-42.141, 7.288, 45.949), Vector(-41.627, 7.155, 33.910), Vector(-46.739, 7.550, 31.985),
			Vector(-45.718, 7.550, 39.848), Vector(-46.032, 7.550, 48.556), Vector(-54.409, 7.550, 31.835), Vector(-53.806, 7.550, 48.092),
			Vector(-58.283, 7.582, 40.179), Vector(-55.518, 7.550, 53.315), Vector(-55.223, 7.550, 26.579), Vector(-67.100, 5.550, 8.698),
			Vector(-73.302, 5.550, 6.006), Vector(-79.231, 5.550, 9.524), Vector(-86.972, 5.550, 16.032), Vector(-86.302, 5.550, 10.897),
			Vector(-86.991, 5.604, 64.126), Vector(-86.785, 5.558, 69.368), Vector(-73.119, 5.551, 74.010), Vector(-61.815, 5.550, 67.567),
			Vector(-66.149, 5.550, 71.275), Vector(-94.160, 5.547, 46.854), Vector(-93.997, 5.550, 33.246), Vector(-88.929, 5.550, 44.864),
			Vector(-89.337, 5.550, 36.403), Vector(-84.039, 5.567, 54.747), Vector(-66.939, 5.550, 54.991), Vector(-83.942, 5.550, 25.435),
			Vector(-66.101, 5.550, 25.332), Vector(12.556, 9.550, 117.261), Vector(-7.283, 9.550, 115.293), Vector(6.208, 7.550, 97.187),
			Vector(23.785, 7.550, 109.858), Vector(-15.655, 7.550, 105.894), Vector(-45.095, 9.590, 91.493), Vector(-30.313, 6.550,
			84.527), Vector(-26.011, 6.550, 79.877), Vector(-29.643, 6.550, 76.063), Vector(-34.046, 6.550, 79.948), Vector(-46.618, 5.867,
			80.012), Vector(-50.196, 5.459, 91.217), Vector(-54.570, 5.584, 95.031), Vector(-47.793, 5.611, 100.093), Vector(-44.523,
			5.459, 96.556), Vector(-39.191, 5.459, 99.450), Vector(-30.342, 5.459, 99.877), Vector(-58.663, 5.584, 89.045), Vector(-84.202,
			3.550, 87.319), Vector(-83.654, 3.550, 80.216), Vector(-60.997, 5.459, 80.286), Vector(-59.256, 5.457, 75.411), Vector(-57.683,
			5.477, 85.660), Vector(-52.163, 5.459, 85.515), Vector(-52.290, 5.459, 73.868), Vector(-46.041, 5.563, 69.372), Vector(-49.271,
			5.459, 65.657), Vector(-54.846, 5.459, 69.979), Vector(-59.727, 5.647, 69.971), Vector(-40.741, 9.550, 59.419), Vector(-44.954,
			9.548, 59.046), Vector(-45.186, 9.888, 61.825), Vector(-49.400, 9.549, 59.041), Vector(-42.543, 5.564, 65.546), Vector(-34.329,
			5.459, 62.398), Vector(-29.262, 6.041, 64.625), Vector(-25.690, 5.459, 59.533), Vector(-18.739, 5.459, 57.412), Vector(-19.116,
			5.459, 65.244), Vector(-14.224, 5.581, 56.845), Vector(15.072, 5.550, 78.543), Vector(13.380, 5.550, 83.498), Vector(18.865,
			5.550, 85.021), Vector(22.997, 5.552, 89.341), Vector(28.725, 5.300, 95.004), Vector(35.527, 5.572, 91.286), Vector(32.509,
			7.511, 105.775), Vector(35.602, 5.300, 100.649), Vector(20.449, 7.511, 97.658), Vector(14.391, 7.511, 92.599), Vector(16.275,
			7.511, 89.301), Vector(0.802, 7.511, 91.608), Vector(-8.859, 7.511, 90.839), Vector(-9.919, 7.529, 88.097), Vector(-16.134,
			7.511, 98.289), Vector(-21.179, 5.459, 91.615), Vector(-15.418, 5.459, 85.411), Vector(-13.664, 5.459, 70.937), Vector(-6.513,
			5.550, 76.789), Vector(-10.480, 5.622, 82.575), Vector(-0.201, 5.550, 78.457), Vector(7.631, 5.550, 82.370));
		Global.Healthkits = Array(Vector(64.503, 2.550, -65.755), Vector(102.890, 1.550, -43.027), Vector(64.499, 2.550, -20.245), Vector(
			49.693, 5.600, -54.475), Vector(49.728, 5.583, -31.556), Vector(60.808, 0.785, -86.005), Vector(39.044, 1.815, -43.026),
			Vector(105.229, 2.565, 43.042), Vector(65.001, 2.550, 15.995), Vector(64.992, 2.550, 69.955), Vector(60.969, 0.802, -0.010),
			Vector(42.060, 5.550, -0.023), Vector(13.104, 0.550, -24.895), Vector(-42.444, 4.550, -39.993), Vector(-86.082, 3.550,
			-79.994), Vector(-52.017, 6.300, -79.935), Vector(-2.962, 5.544, -75.711), Vector(39.050, 5.551, -81.038), Vector(84.948,
			3.550, -86.035), Vector(-92.188, 0.571, -40.069), Vector(-86.149, 3.550, -0.021), Vector(-9.472, 5.593, -29.024), Vector(
			-52.067, 6.300, -0.013), Vector(12.952, 0.550, 24.538), Vector(-9.489, 5.593, 28.984), Vector(-46.035, 7.557, 39.969), Vector(
			-85.661, 1.602, 40.067), Vector(84.771, 3.550, 0.019), Vector(39.411, 1.812, 43.002), Vector(85.001, 3.550, 86.021), Vector(
			61.168, 0.842, 86.008), Vector(39.020, 5.554, 80.942), Vector(-84.928, 3.760, 59.056), Vector(-84.893, 3.746, 20.943), Vector(
			-86.188, 3.550, 80.039), Vector(-51.897, 6.300, 80.017), Vector(-3.017, 5.550, 75.258));
		Global.ObjectiveA_Nodes = Array(Vector(-5.728, 1.468, 3.935), Vector(-6.899, 1.576, 1.486), Vector(-7.075, 1.738, -1.072), Vector(
			-5.989, 1.760, -3.706), Vector(-3.564, 1.567, -5.883), Vector(-0.910, 1.569, -6.898), Vector(2.022, 1.622, -6.696), Vector(
			4.443, 1.650, -5.335), Vector(6.236, 1.663, -2.870), Vector(6.733, 1.669, -0.040), Vector(6.341, 1.650, 3.422), Vector(3.999,
			1.706, 6.110), Vector(0.496, 1.659, 6.906), Vector(-2.696, 1.613, 6.555), Vector(-4.504, 1.567, 5.576), Vector(-4.140, 1.468,
			3.019), Vector(-4.530, 1.696, 0.845), Vector(-4.298, 1.696, -1.678), Vector(-2.646, 1.696, -3.880), Vector(-0.758, 1.696,
			-4.514), Vector(1.345, 1.696, -4.820), Vector(2.931, 1.696, -3.346), Vector(4.359, 1.696, -1.729), Vector(4.476, 1.696, 0.809),
			Vector(3.831, 1.696, 2.437), Vector(2.188, 1.696, 3.729), Vector(-0.111, 1.696, 4.590), Vector(-2.131, 1.696, 3.897), Vector(
			-2.325, 1.468, 1.468), Vector(-0.062, 1.696, 2.651), Vector(1.863, 1.697, 2.185), Vector(2.191, 1.696, -2.635), Vector(0.061,
			1.696, -2.595), Vector(-2.571, 1.696, -2.115), Vector(-2.588, 1.696, 0.078), Vector(78.554, -1.310, -48.352), Vector(78.554,
			-1.310, -45.712), Vector(78.531, -1.310, -42.984), Vector(78.414, -1.310, -40.345), Vector(78.322, -1.310, -37.617), Vector(
			75.871, -1.310, -37.647), Vector(75.871, -1.310, -40.375), Vector(75.871, -1.310, -43.018), Vector(75.871, -1.310, -45.748),
			Vector(75.871, -1.310, -48.213), Vector(73.499, -1.310, -48.213), Vector(73.499, -1.310, -45.661), Vector(73.494, -1.310,
			-42.931), Vector(73.521, -1.310, -40.390), Vector(73.550, -1.310, -37.574), Vector(70.782, -1.310, -37.574), Vector(70.759,
			-1.310, -39.950), Vector(70.732, -1.310, -42.856), Vector(70.704, -1.310, -45.672), Vector(70.676, -1.310, -48.221), Vector(
			68.304, -1.310, -48.221), Vector(68.331, -1.310, -45.493), Vector(68.354, -1.310, -43.117), Vector(68.379, -1.310, -40.387),
			Vector(68.404, -1.310, -37.533), Vector(66.032, -1.310, -37.533), Vector(66.097, -1.310, -40.352), Vector(66.158, -1.310,
			-43.079), Vector(66.228, -1.310, -46.158), Vector(66.286, -1.310, -48.795), Vector(63.351, 4.502, 46.236), Vector(63.486,
			4.502, 43.154), Vector(63.570, 4.502, 40.075), Vector(66.259, 4.502, 40.141), Vector(66.189, 4.502, 43.220), Vector(66.120,
			4.502, 46.299), Vector(66.051, 4.502, 49.378), Vector(66.177, 4.502, 36.801), Vector(69.023, 4.502, 36.871), Vector(72.024,
			4.502, 40.015), Vector(72.024, 4.502, 36.851), Vector(75.108, 4.502, 36.851), Vector(75.114, 4.502, 39.802), Vector(75.184,
			4.502, 42.793), Vector(75.326, 4.502, 46.051), Vector(75.466, 4.502, 49.218), Vector(71.596, 4.502, 49.371), Vector(71.490,
			4.502, 46.201), Vector(68.773, 4.502, 49.498), Vector(68.399, 4.502, 46.147), Vector(68.348, 4.503, 43.421), Vector(77.279,
			4.502, 37.166), Vector(77.434, 4.502, 39.711), Vector(77.529, 4.502, 42.705), Vector(77.635, 4.502, 45.869), Vector(77.400,
			4.502, 48.679), Vector(-70.710, 0.628, -44.653), Vector(-70.763, 0.628, -42.112), Vector(-70.681, 0.628, -39.479), Vector(
			-70.706, 0.628, -37.191), Vector(-70.976, 0.628, -34.301), Vector(-73.110, 0.628, -34.310), Vector(-73.076, 0.628, -37.301),
			Vector(-73.051, 0.628, -39.554), Vector(-73.018, 0.628, -42.291), Vector(-72.988, 0.628, -44.843), Vector(-75.914, 0.628,
			-44.879), Vector(-75.946, 0.628, -42.148), Vector(-75.976, 0.628, -39.597), Vector(-76.003, 0.628, -37.221), Vector(-76.035,
			0.628, -34.405), Vector(-79.197, 0.628, -34.444), Vector(-79.165, 0.628, -37.260), Vector(-79.139, 0.628, -39.548), Vector(
			-79.106, 0.628, -42.363), Vector(-79.077, 0.628, -44.915), Vector(-82.240, 0.628, -44.954), Vector(-82.249, 0.628, -42.315),
			Vector(-82.241, 0.706, -39.610), Vector(-82.245, 0.628, -37.523), Vector(-82.281, 0.628, -34.441), Vector(-68.750, 5.338,
			37.429), Vector(-68.755, 5.338, 40.156), Vector(-68.844, 5.338, 43.587), Vector(-70.368, 5.433, 46.709), Vector(-72.845, 5.550,
			47.916), Vector(-75.660, 5.550, 47.762), Vector(-78.717, 5.544, 47.736), Vector(-80.380, 5.338, 45.490), Vector(-82.881, 5.550,
			42.814), Vector(-82.722, 5.550, 39.911), Vector(-82.475, 5.461, 36.832), Vector(-80.397, 5.413, 34.146), Vector(-77.786, 5.550,
			31.795), Vector(-74.883, 5.550, 31.890), Vector(-71.881, 5.550, 32.087), Vector(-69.541, 5.338, 34.788), Vector(-71.642, 5.509,
			37.521), Vector(-74.939, 5.338, 36.364), Vector(-78.234, 5.509, 37.463), Vector(-79.806, 5.338, 39.869), Vector(-78.479, 5.338,
			42.938), Vector(-75.179, 5.338, 44.191), Vector(-71.959, 5.338, 43.197), Vector(-70.265, 5.338, 40.171));
		Global.ObjectiveB_Nodes = Array();
		Global.Chokepoint = Array();
		Global.Staircase_Top = Array(Vector(8.063, 9.566, -107.889), Vector(20.338, 9.566, -120.685), Vector(-1.957, 9.566, -107.635),
			Vector(-14.055, 9.566, -116.915), Vector(-19.769, 7.611, -101.717), Vector(6.028, 7.611, -91.603), Vector(23.967, 7.611,
			-101.890), Vector(38.401, 5.300, -98.063), Vector(69.467, 3.550, -93.325), Vector(-40.088, 9.754, -92.207), Vector(-67.998,
			5.557, -79.842), Vector(-92.813, 3.557, -72.660), Vector(-72.227, 3.544, -67.483), Vector(-84.253, 1.590, -66.204), Vector(
			-60.670, 5.592, -70.640), Vector(-60.486, 4.550, -57.398), Vector(-54.243, 7.492, -47.249), Vector(-44.640, 4.550, -47.750),
			Vector(-47.044, 5.559, -62.642), Vector(-25.360, 5.609, -53.477), Vector(-25.455, 5.584, -26.094), Vector(5.380, 3.552,
			-48.617), Vector(64.292, 5.550, -85.990), Vector(90.578, 5.550, -69.166), Vector(99.482, 5.550, -56.810), Vector(99.237, 5.550,
			-29.281), Vector(84.530, 5.550, -49.052), Vector(84.566, 5.550, -36.788), Vector(71.502, 2.300, -18.677), Vector(71.603, 0.300,
			-29.659), Vector(71.678, 0.300, -55.646), Vector(71.622, 2.302, -66.864), Vector(59.818, 5.550, -52.566), Vector(59.862, 5.550,
			-33.232), Vector(57.245, 2.549, -71.659), Vector(47.849, 5.601, -63.169), Vector(61.523, 2.298, -74.253), Vector(64.293, 2.280,
			-77.504), Vector(59.688, 5.550, -41.518), Vector(59.669, 5.551, -44.423), Vector(51.664, 3.550, -47.875), Vector(51.758, 3.550,
			-37.801), Vector(44.354, 1.550, -43.021), Vector(96.569, 1.550, -43.027), Vector(29.715, 4.569, -66.992), Vector(21.355, 4.569,
			-58.253), Vector(16.835, 4.569, -47.724), Vector(20.657, 5.553, -25.776), Vector(15.033, 5.553, -29.086), Vector(28.381, 5.553,
			-18.126), Vector(58.070, 2.549, -14.126), Vector(48.243, 5.601, -22.352), Vector(63.061, 2.448, -11.505), Vector(64.761, 2.451,
			-8.055), Vector(90.513, 5.550, -16.686), Vector(91.035, 5.550, 16.548), Vector(64.318, 5.550, 0.024), Vector(94.838, 4.552,
			35.895), Vector(94.895, 4.552, 49.525), Vector(101.020, 2.565, 42.947), Vector(-44.741, 4.550, -32.166), Vector(-54.110, 7.490,
			-32.018), Vector(-47.130, 5.561, -18.139), Vector(-89.884, 4.633, -49.792), Vector(-90.004, 4.633, -30.454), Vector(-83.940,
			1.590, -13.894), Vector(-72.379, 3.544, -12.283), Vector(-92.846, 3.548, -7.672), Vector(-60.918, 5.562, -9.281), Vector(
			-61.427, 4.551, -21.328), Vector(-83.914, 5.550, 7.684), Vector(-68.321, 5.550, -0.009), Vector(-13.619, 5.560, -33.214),
			Vector(4.897, 2.554, -33.540), Vector(-55.980, 7.550, 18.789), Vector(-40.227, 9.599, 12.163), Vector(-27.488, 6.496, 13.015),
			Vector(-9.819, 4.472, -2.196), Vector(-9.936, 4.509, 2.164), Vector(20.357, 5.609, -7.471), Vector(11.148, 1.736, 3.952),
			Vector(11.324, 1.737, -4.019), Vector(20.242, 5.600, 7.323), Vector(4.941, 2.558, 33.452), Vector(67.039, 2.444, 7.725),
			Vector(58.482, 2.550, 13.153), Vector(56.911, 4.550, 26.955), Vector(47.035, 4.546, 37.335), Vector(28.453, 5.553, 18.111),
			Vector(20.732, 5.555, 25.799), Vector(14.869, 5.553, 29.797), Vector(16.947, 4.569, 48.554), Vector(59.257, 4.639, 39.045),
			Vector(70.896, 2.523, 20.104), Vector(64.318, 4.551, 26.712), Vector(80.747, 2.631, 31.704), Vector(82.946, 4.552, 39.832),
			Vector(59.378, 4.640, 46.773), Vector(80.987, 2.521, 54.134), Vector(82.765, 4.552, 46.247), Vector(71.327, 2.521, 65.843),
			Vector(64.410, 4.551, 59.226), Vector(56.574, 4.550, 59.096), Vector(46.856, 4.619, 48.153), Vector(91.101, 5.551, 67.641),
			Vector(58.576, 2.550, 72.983), Vector(67.627, 2.300, 78.338), Vector(69.677, 3.550, 94.065), Vector(65.104, 5.563, 86.067),
			Vector(38.479, 5.300, 98.094), Vector(30.112, 4.569, 66.141), Vector(-25.589, 5.576, 25.991), Vector(-25.626, 5.578, 54.078),
			Vector(-13.639, 5.562, 33.452), Vector(5.098, 3.607, 50.067), Vector(21.724, 4.569, 57.951), Vector(-48.928, 9.549, 26.102),
			Vector(-49.403, 9.551, 53.842), Vector(-61.695, 7.550, 38.331), Vector(-61.600, 7.550, 41.972), Vector(-55.896, 7.550, 61.346),
			Vector(-59.829, 7.550, 48.803), Vector(-59.953, 7.550, 31.184), Vector(-90.200, 5.550, 10.739), Vector(-76.195, 5.550, 11.581),
			Vector(-69.350, 5.550, 11.342), Vector(-76.423, 5.550, 68.598), Vector(-69.443, 5.550, 68.717), Vector(-90.243, 5.550, 69.163),
			Vector(-83.886, 5.550, 72.461), Vector(-89.850, 5.550, 50.099), Vector(-97.468, 3.550, 50.383), Vector(-96.890, 3.550, 29.655),
			Vector(-90.039, 5.550, 30.035), Vector(-76.580, 5.550, 54.487), Vector(-72.793, 5.550, 54.372), Vector(-73.089, 5.550, 25.520),
			Vector(-77.324, 5.550, 25.536), Vector(8.008, 9.566, 107.222), Vector(-2.012, 9.566, 107.307), Vector(-14.405, 9.566, 116.573),
			Vector(20.622, 9.566, 120.046), Vector(23.989, 7.511, 101.762), Vector(5.975, 7.511, 91.872), Vector(-19.935, 7.511, 101.728),
			Vector(-39.485, 9.590, 92.352), Vector(-68.679, 5.551, 88.145), Vector(-68.440, 5.550, 80.033), Vector(-40.942, 9.551,
			67.666));
		Global.Staircase_Bottom = Array(Vector(8.201, 7.550, -102.474), Vector(24.586, 7.550, -116.547), Vector(-1.932, 7.607, -102.828),
			Vector(-17.735, 7.550, -113.205), Vector(-23.600, 5.613, -97.765), Vector(6.235, 5.549, -86.188), Vector(27.451, 5.554,
			-98.358), Vector(52.163, 0.548, -97.223), Vector(63.077, 1.005, -93.724), Vector(-26.821, 5.619, -94.264), Vector(-73.626,
			3.550, -79.781), Vector(-92.991, 0.549, -62.529), Vector(-80.233, 0.547, -62.321), Vector(-83.961, 0.547, -62.426), Vector(
			-65.156, 3.546, -66.353), Vector(-65.899, 3.546, -62.676), Vector(-54.576, 4.550, -55.905), Vector(-57.660, 0.550, -47.890),
			Vector(-46.935, 4.550, -59.100), Vector(-25.224, 1.814, -45.472), Vector(-25.373, 1.814, -34.914), Vector(4.857, 1.813,
			-43.673), Vector(69.472, 3.556, -86.035), Vector(83.021, 3.600, -76.406), Vector(99.392, 1.550, -46.932), Vector(99.374, 1.550,
			-38.991), Vector(77.444, 0.550, -60.235), Vector(77.286, 0.550, -26.288), Vector(71.358, 0.550, -24.698), Vector(71.729,
			-1.450, -34.674), Vector(71.813, -1.250, -51.056), Vector(71.622, 0.550, -61.309), Vector(64.905, 0.550, -57.899), Vector(
			65.322, 0.548, -28), Vector(54.550, 0.834, -74.492), Vector(52.977, 2.549, -68.101), Vector(58.125, 0.544, -77.862), Vector(
			59.666, 0.546, -79.612), Vector(54.238, 3.559, -41.404), Vector(54.428, 3.561, -44.414), Vector(47.973, 1.552, -51.625),
			Vector(48.315, 1.552, -34.166), Vector(51.419, -1.450, -43.039), Vector(89.324, -1.450, -43.093), Vector(34.919, 1.814,
			-62.024), Vector(26.082, 1.968, -53.293), Vector(16.624, 1.721, -42.549), Vector(20.836, 1.815, -34.811), Vector(14.873, 2.554,
			-34.393), Vector(34.421, 1.813, -24.096), Vector(54.621, 0.822, -10.908), Vector(53.284, 2.549, -17.658), Vector(58.252, 0.691,
			-7.121), Vector(60.329, 0.713, -4.922), Vector(82.962, 3.550, -9.095), Vector(83.103, 3.620, 8.609), Vector(69.454, 3.550,
			-0.100), Vector(100.381, 2.563, 36.221), Vector(100.527, 2.565, 49.408), Vector(94.309, -0.423, 42.850), Vector(-57.512, 0.550,
			-32.261), Vector(-54.230, 4.550, -24.939), Vector(-47.155, 4.550, -20.856), Vector(-83.470, 0.550, -55.920), Vector(-83.029,
			0.550, -24.166), Vector(-83.905, 0.559, -17.540), Vector(-79.583, 0.550, -17.768), Vector(-93.410, 0.561, -17.704), Vector(
			-65.271, 3.546, -13.751), Vector(-65.398, 3.548, -17.247), Vector(-83.954, 3.550, 2.928), Vector(-73.447, 3.550, 0.139),
			Vector(-6.519, 2.552, -33.020), Vector(4.631, 0.550, -28.385), Vector(-59.709, 5.550, 14.828), Vector(-30.825, 5.576, 16.443),
			Vector(-27.248, 5.572, 16.398), Vector(-4.706, 1.727, -9.257), Vector(-3.612, 1.661, 8.535), Vector(12.916, 0.550, -17.573),
			Vector(14.662, 0.579, 5.203), Vector(14.453, 0.573, -5.204), Vector(13.228, 0.550, 17.822), Vector(4.967, 0.550, 28.548),
			Vector(59.980, 0.700, 7.609), Vector(53.638, 0.819, 12.669), Vector(49.248, 2.604, 27.190), Vector(46.785, 2.550, 31.703),
			Vector(34.888, 1.846, 24.455), Vector(20.948, 1.849, 34.751), Vector(14.970, 2.553, 34.899), Vector(16.989, 1.819, 42.794),
			Vector(66.350, 0.580, 31.415), Vector(70.991, 0.580, 25.907), Vector(64.290, 2.523, 20.521), Vector(75.392, 0.580, 31.339),
			Vector(83.026, 2.531, 34.806), Vector(66.935, 0.580, 54.787), Vector(75.478, 0.580, 54.379), Vector(83.014, 2.521, 51.500),
			Vector(71.488, 0.580, 60.570), Vector(64.781, 2.521, 65.324), Vector(49.319, 2.630, 58.891), Vector(46.698, 2.550, 54.401),
			Vector(83.335, 3.620, 77.161), Vector(53.813, 0.817, 72.877), Vector(60.387, 0.548, 78.812), Vector(62.949, 0.889, 94.089),
			Vector(69.159, 3.568, 85.946), Vector(51.930, 0.546, 98.091), Vector(34.988, 1.821, 61.508), Vector(-25.448, 1.934, 34.618),
			Vector(-25.606, 1.812, 44.921), Vector(-6.544, 2.552, 33.540), Vector(5.054, 1.821, 43.833), Vector(26.328, 1.821, 53.449),
			Vector(-42.117, 7.571, 25.993), Vector(-42.233, 7.550, 53.812), Vector(-66.479, 5.550, 38.354), Vector(-66.562, 5.550, 41.769),
			Vector(-59.515, 5.550, 65.228), Vector(-63.319, 5.577, 52.448), Vector(-63.369, 5.768, 27.627), Vector(-93.822, 3.579, 14.640),
			Vector(-76.190, 3.594, 16.320), Vector(-69.816, 3.550, 16.262), Vector(-76.203, 3.664, 63.769), Vector(-69.847, 3.550, 63.426),
			Vector(-93.664, 3.593, 65.530), Vector(-83.547, 3.550, 77.215), Vector(-93.623, 3.550, 53.871), Vector(-93.644, 1.550, 47.063),
			Vector(-93.881, 1.550, 33.113), Vector(-94.042, 3.550, 26.374), Vector(-76.550, 3.550, 58.956), Vector(-72.826, 3.643, 58.818),
			Vector(-73.249, 3.550, 20.418), Vector(-77.083, 3.557, 20.909), Vector(7.896, 7.550, 102.727), Vector(-2.127, 7.550, 102.308),
			Vector(-18.257, 7.550, 112.828), Vector(24.015, 7.612, 116.779), Vector(27.579, 5.558, 98.205), Vector(6, 5.550, 86.421),
			Vector(-23.797, 5.619, 97.729), Vector(-26.628, 5.564, 94.497), Vector(-73.590, 3.550, 88.108), Vector(-73.571, 3.550, 80.054),
			Vector(-32.475, 6.560, 67.805));
		Global.Healthkits_Small = Array(Vector(64.503, 2.550, -65.755), Vector(102.890, 1.550, -43.027), Vector(64.499, 2.550, -20.245),
			Vector(49.693, 5.600, -54.475), Vector(49.728, 5.583, -31.556), Vector(60.808, 0.785, -86.005), Vector(65.001, 2.550, 15.995),
			Vector(64.992, 2.550, 69.955), Vector(60.969, 0.802, -0.010), Vector(13.104, 0.550, -24.895), Vector(-42.444, 4.550, -39.993),
			Vector(-86.082, 3.550, -79.994), Vector(-52.017, 6.300, -79.935), Vector(-92.188, 0.571, -40.069), Vector(-86.149, 3.550,
			-0.021), Vector(-9.472, 5.593, -29.024), Vector(-52.067, 6.300, -0.013), Vector(12.952, 0.550, 24.538), Vector(-9.489, 5.593,
			28.984), Vector(-85.661, 1.602, 40.067), Vector(61.168, 0.842, 86.008), Vector(-84.928, 3.760, 59.056), Vector(-84.893, 3.746,
			20.943), Vector(-86.188, 3.550, 80.039), Vector(-51.897, 6.300, 80.017));
		Global.Healthkits_Large = Array(Vector(39.044, 1.815, -43.026), Vector(105.229, 2.565, 43.042), Vector(42.060, 5.550, -0.023),
			Vector(-2.962, 5.544, -75.711), Vector(39.050, 5.551, -81.038), Vector(84.948, 3.550, -86.035), Vector(-46.035, 7.557, 39.969),
			Vector(84.771, 3.550, 0.019), Vector(39.411, 1.812, 43.002), Vector(85.001, 3.550, 86.021), Vector(39.020, 5.554, 80.942),
			Vector(-3.017, 5.550, 75.258));
		Global.Staircase_Middle = Array(0, 0, 0, 0, 0, 0, 0, 0, 0, Vector(-30.604, 6.544, -91.910), 0, Vector(-92.913, 1.590, -67.127),
			Vector(-79.791, 1.590, -66.643), 0, 0, 0, 0, 0, 0, 0, 0, 0, 0, 0, 0, 0, Vector(83.971, 2.550, -59.781), Vector(83.912, 2.550,
			-26.529), 0, 0, 0, 0, Vector(62.015, 3.463, -55.150), Vector(62.164, 3.463, -31.080), 0, 0, 0, 0, 0, 0, 0, 0, 0, 0, 0, 0,
			Vector(16.680, 3.224, -45.452), Vector(24.668, 3.529, -30.018), Vector(14.914, 4.043, -31.535), 0, 0, 0, 0, 0, 0, 0, 0, 0, 0,
			0, 0, 0, 0, Vector(-89.520, 2.600, -55.699), Vector(-89.481, 2.648, -24.743), 0, Vector(-79.387, 1.590, -13.306), Vector(
			-93.017, 1.590, -13.271), 0, 0, 0, 0, 0, 0, 0, Vector(-31.683, 6.496, 12.284), 0, Vector(-8.966, 3.582, -5.170), Vector(-8.419,
			3.505, 5.639), Vector(17.156, 2.606, -14.521), 0, 0, Vector(17.507, 2.563, 14.931), 0, 0, 0, 0, 0, 0, Vector(24.831, 3.549,
			30.681), Vector(14.737, 3.945, 31.641), Vector(16.965, 3.199, 45.120), Vector(60.247, 2.650, 31.613), 0, 0, 0, 0, Vector(
			60.044, 2.650, 53.963), 0, 0, 0, 0, 0, 0, 0, 0, 0, 0, 0, 0, 0, 0, 0, 0, 0, 0, 0, 0, 0, 0, 0, 0, 0, 0, 0, 0, 0, 0, 0, 0, 0, 0,
			0, 0, 0, 0, 0, 0, 0, 0, 0, 0, 0, 0, 0, Vector(-30.217, 6.544, 92.414), 0, 0, 0);
		Global.Jump_Start = Array();
		Global.Jump_End = Array();
	}
