	actions
	{
		Global.Path_Nodes = Array(Vector(-0.162, 5.800, -108.225), Vector(0.565, 5.553, -116.611), Vector(17.813, 7.650, -105.910), Vector(
			0.269, 5.800, -95.263), Vector(-16.642, 3.665, -105.852), Vector(-40.106, 4.550, -106.286), Vector(-35.027, 2.550, -96.419),
			Vector(-28.176, 2.550, -102.426), Vector(-17.904, 2.550, -94.735), Vector(-39.500, 2.550, -87.782), Vector(-48.095, 3.550,
			-95.176), Vector(-48.252, 2.550, -82.283), Vector(-39.903, 2.550, -82.072), Vector(-17.489, 2.550, -87.270), Vector(-18.108,
			2.550, -80.148), Vector(38.662, 7.550, -103.539), Vector(41.550, 7.550, -96.817), Vector(65.149, 8.550, -92.276), Vector(
			82.498, 6.300, -14.506), Vector(82.909, 6.300, -20.487), Vector(74.850, 6.300, -20.641), Vector(68.977, 6.300, -20.835),
			Vector(59.511, 6.300, -20.636), Vector(52.549, 6.300, -20.503), Vector(82.413, 6.300, -69.850), Vector(82.462, 6.300, -62.814),
			Vector(74.999, 6.300, -63.027), Vector(68.808, 6.300, -63.251), Vector(59.854, 6.300, -64.364), Vector(52.871, 6.300, -63.622),
			Vector(25.682, 8.578, -41.863), Vector(46.627, 8.300, -41.986), Vector(41.911, 8.550, -39.579), Vector(41.927, 8.550, -45.183),
			Vector(35.244, 8.550, -45.272), Vector(35.749, 8.550, -39.163), Vector(38.558, 5.300, -62.423), Vector(34.673, 5.393, -67.067),
			Vector(38.864, 5.393, -73.152), Vector(42.951, 5.393, -66.796), Vector(19.774, 5.568, -78.993), Vector(25.604, 5.402, -71.904),
			Vector(27.580, 5.402, -65.599), Vector(25.716, 4.969, -60.647), Vector(32.391, 5.400, -78.303), Vector(29.893, 5.542, -86.087),
			Vector(20.332, 5.542, -88.311), Vector(32.716, 9.645, 1.843), Vector(33.261, 9.645, -1.563), Vector(43.427, 5.393, -17.333),
			Vector(38.617, 5.409, -10.993), Vector(34.913, 5.393, -17.274), Vector(39.416, 5.300, -22.163), Vector(8.456, 3.550, -16.667),
			Vector(13.715, 5.553, -16.626), Vector(10.999, 5.553, -17.913), Vector(16.972, 5.609, -23.006), Vector(27.282, 5.571, -14.432),
			Vector(27, 5.156, -23.065), Vector(20.787, 4.653, -26.146), Vector(25.552, 4.400, -29.564), Vector(21.986, 4.400, -35.483),
			Vector(16.118, 4.400, -30.252), Vector(13.770, 4.399, -37.883), Vector(19.976, 4.399, -44.132), Vector(17.622, 4.401, -52.328),
			Vector(24.345, 4.401, -50.987), Vector(25.678, 4.408, -56.056), Vector(20.410, 4.649, -58.439), Vector(12.138, 4.084, -57.734),
			Vector(12.868, 4.550, -49.954), Vector(7.768, 4.149, -54.546), Vector(6.874, 3.455, -61.163), Vector(3.695, 3.399, -67.861),
			Vector(-3.261, 3.402, -69.271), Vector(-8.123, 3.402, -68.643), Vector(-14.813, 3.551, -69.644), Vector(-22.581, 1.969,
			-61.695), Vector(-33.199, 2.550, -77.255), Vector(-37.354, 2.550, -72.423), Vector(-31.956, 2.554, -68.799), Vector(-27.108,
			2.287, -69.938), Vector(-22.103, 2.550, -74.149), Vector(-27.658, 1.942, -58.955), Vector(-30.753, 2.550, -50.679), Vector(
			-25.346, 2.589, -50.057), Vector(-22.089, 2.562, -43.820), Vector(-16.136, 2.552, -48.683), Vector(0.523, 2.552, -49.510),
			Vector(7.866, 3.546, -33.852), Vector(8.130, 3.612, -29.369), Vector(4.214, 2.686, -29.544), Vector(4.235, 2.672, -35.601),
			Vector(-1.202, 2.406, -38.987), Vector(-1.483, 2.407, -29.539), Vector(-2.118, 2.550, -23.073), Vector(-7.143, 2.401, -29.763),
			Vector(-7.175, 2.401, -38.596), Vector(-13.387, 2.400, -36.707), Vector(-22.251, 2.400, -36.593), Vector(-23.089, 2.400,
			-28.526), Vector(-30.277, 2.402, -28.236), Vector(-26.623, 1.724, -22.044), Vector(-21.943, 1.550, -16.878), Vector(-15.321,
			1.550, -14.474), Vector(-7.595, 1.904, -19.302), Vector(-7.857, 1.771, -11.206), Vector(-2.583, 2.550, -13.643), Vector(
			-17.547, 1.550, -7.851), Vector(-33.085, 1.550, -16.328), Vector(-38.021, 1.550, -8.521), Vector(-40.937, 1.550, 0.489),
			Vector(-47.692, 2.152, -0.057), Vector(-48.400, 2.550, -7.671), Vector(-47.617, 2.550, -11.571), Vector(-48.799, 2.550,
			-16.891), Vector(-52.788, 2.550, -13.126), Vector(-53.344, 2.550, -18.328), Vector(-44.680, 4.550, -37.016), Vector(-45.327,
			4.550, -45.921), Vector(-52.610, 5.550, -40.717), Vector(-52.169, 5.550, -34.375), Vector(-59.515, 5.550, -34.677), Vector(
			-59.123, 5.550, -41.297), Vector(-59.564, 5.550, -47.426), Vector(-52.392, 5.550, -46.765), Vector(-33.819, 5.550, 0.068),
			Vector(-14.642, 6.548, -2.685), Vector(-14.353, 6.548, 2.991), Vector(-3.520, 5.550, 8.591), Vector(-3.176, 5.550, -8.593),
			Vector(10.481, 5.550, -0.598), Vector(20.065, 5.586, -0.179), Vector(21.570, 5.400, -7.836), Vector(21.350, 5.400, 6.898),
			Vector(26.901, 5.573, 15.870), Vector(30.626, 5.402, 7.640), Vector(30.886, 5.402, -7.948), Vector(36.888, 5.402, -5.066),
			Vector(36.818, 5.402, 5.120), Vector(8.486, 3.550, 16.570), Vector(-1.803, 2.550, 24.098), Vector(-2.133, 2.550, 14.620),
			Vector(-7.853, 1.788, 11.681), Vector(-7.880, 1.761, 19.135), Vector(-14.409, 1.550, 14.832), Vector(-17.520, 1.550, 7.592),
			Vector(-23.400, 1.550, 16.504), Vector(-26.683, 2.280, 23.522), Vector(-33.257, 1.550, 15.656), Vector(-37.353, 1.550, 9.420),
			Vector(-69.426, 5.550, -4.583), Vector(-79.370, 5.550, -0.161), Vector(-83.959, 7.585, -14.582), Vector(-91.030, 7.550,
			-8.687), Vector(-64.123, 6.257, -43.720), Vector(-64.360, 6.374, -38.894), Vector(-68.827, 5.550, -78.140), Vector(-79.353,
			5.550, -82.640), Vector(-79.353, 5.550, -82.640), Vector(-83.895, 7.550, -67.459), Vector(-90.748, 7.550, -71.854), Vector(
			-55.614, 2.550, -63.771), Vector(-49.023, 2.550, -65.039), Vector(-52.729, 2.550, -68.743), Vector(-48.177, 2.550, -74.805),
			Vector(-94.382, 8.550, -46.934), Vector(-94.879, 8.550, -34.309), Vector(-93.769, 8.550, -40.978), Vector(-98.410, 8.550,
			-44.886), Vector(-98.063, 8.550, -37.072), Vector(-101.185, 8.550, -41.253), Vector(49.913, 8.550, 15.068), Vector(48.028,
			8.550, 22.060), Vector(40.263, 8.550, 23.232), Vector(57.044, 8.550, 18.928), Vector(59.895, 8.300, 13.237), Vector(52.293,
			8.550, 12.665), Vector(61.275, 8.300, 6.556), Vector(69.351, 8.300, 6.499), Vector(68.918, 8.300, 12.030), Vector(72.567,
			8.561, 17.088), Vector(68.127, 8.669, 20.845), Vector(81, 10.550, 11.619), Vector(81.066, 10.550, 20.243), Vector(88.316,
			10.609, 23.149), Vector(83.343, 10.550, 25.040), Vector(83.934, 10.550, 31.738), Vector(75.554, 10.612, 32.994), Vector(71.139,
			10.553, 32.860), Vector(75.761, 11.551, 39.067), Vector(75.761, 11.551, 44.907), Vector(81.865, 11.551, 41.951), Vector(93.095,
			10.845, 34.297), Vector(96.660, 10.793, 37.805), Vector(101.030, 10.550, 42.214), Vector(92.644, 10.971, 49.461), Vector(
			96.468, 10.888, 45.992), Vector(91.241, 10.548, 60.953), Vector(84.102, 10.550, 51.596), Vector(71.468, 10.554, 50.769),
			Vector(75.466, 10.613, 51.334), Vector(92.793, 10.550, 23.747), Vector(83.752, 10.550, 59.118), Vector(80.874, 10.550, 62.987),
			Vector(80.003, 10.550, 71.569), Vector(89.125, 11.550, 42.172), Vector(52.608, 9.448, 32.459), Vector(52.954, 9.444, 51.817),
			Vector(40.517, 8.550, 60.882), Vector(49.544, 8.609, 68.341), Vector(56.999, 8.550, 64.895), Vector(49.062, 8.550, 62.474),
			Vector(68.817, 8.670, 63.525), Vector(72.310, 8.672, 67.668), Vector(67.861, 8.300, 72.044), Vector(67.802, 8.300, 78.566),
			Vector(59.854, 8.300, 78.178), Vector(51.518, 8.550, 71.344), Vector(59.517, 8.300, 71.119), Vector(70.309, 8.300, 84.747),
			Vector(66.849, 8.549, 93.168), Vector(45.392, 7.550, 95.613), Vector(38.309, 7.550, 102.439), Vector(32.795, 5.572, 80.545),
			Vector(25.378, 5.402, 74.100), Vector(17.658, 5.563, 81.560), Vector(22.652, 5.540, 88.669), Vector(27.213, 5.402, 65.688),
			Vector(27.479, 4.690, 58.763), Vector(21.154, 4.810, 59.182), Vector(14.177, 4.184, 58.358), Vector(17.181, 4.402, 53.806),
			Vector(22.229, 4.401, 49.645), Vector(18.168, 4.401, 45.489), Vector(11.982, 4.547, 39.355), Vector(19.219, 4.398, 35.984),
			Vector(14.077, 4.398, 29.870), Vector(8.969, 3.821, 34.719), Vector(8.879, 3.796, 29.938), Vector(5.952, 3.078, 34.574),
			Vector(5.497, 2.974, 28.770), Vector(0.543, 2.412, 29.037), Vector(0.853, 2.412, 37.332), Vector(-7.646, 2.402, 37.539),
			Vector(-6.920, 2.402, 31.701), Vector(-15.669, 2.402, 38.144), Vector(18.164, 5.132, 24.109), Vector(14.174, 5.558, 16.611),
			Vector(10.897, 5.558, 17.949), Vector(24.534, 5.392, 21.003), Vector(29.611, 5.415, 22.563), Vector(22.819, 4.755, 24.925),
			Vector(27.358, 4.428, 26.799), Vector(24.480, 4.399, 31.896), Vector(20.026, 4.552, 27.878), Vector(12.117, 4.548, 51.129),
			Vector(9.646, 4.006, 56.287), Vector(5.875, 3.404, 62.727), Vector(3.877, 3.400, 69.773), Vector(-5.008, 3.400, 69.762),
			Vector(29.990, 9.691, 79.201), Vector(30.151, 9.667, 82.720), Vector(22.993, 9.728, 82.644), Vector(23.222, 9.786, 78.351),
			Vector(43.669, 6.550, 46.437), Vector(37.238, 6.550, 41.890), Vector(44.381, 6.550, 37.898), Vector(-21.840, 2.402, 31.146),
			Vector(-25.854, 2.402, 34.677), Vector(-31.970, 2.550, 37.105), Vector(-30.226, 2.550, 30.642), Vector(-38.868, 2.550, 42.688),
			Vector(-33.446, 2.550, 45.927), Vector(-30.652, 2.550, 51.059), Vector(-25.388, 2.589, 48.777), Vector(-20.508, 2.570, 44.136),
			Vector(-17.171, 2.552, 47.873), Vector(-3.112, 2.554, 48.876), Vector(-25.416, 2.279, 55.293), Vector(-30.012, 2.083, 56.956),
			Vector(-13.742, 3.550, 69.691), Vector(-39.830, 4.550, 106.173), Vector(-46.892, 4.550, 100.937), Vector(-44.368, 2.545,
			84.760), Vector(-49.564, 2.545, 84.981), Vector(-47.034, 3.540, 61.116), Vector(-41.326, 3.550, 60.967), Vector(-41.351, 3.550,
			54.946), Vector(-47.918, 2.779, 54.853), Vector(-49.439, 2.550, 48.451), Vector(-61.898, 2.609, 74.812), Vector(-68.110, 2.609,
			78.622), Vector(-73.563, 2.550, 78.136), Vector(-81.844, 2.550, 78.219), Vector(-90.316, 0.550, 66.255), Vector(-64.938, 2.550,
			75.603), Vector(-65.037, 2.609, 68.609), Vector(-53.108, 0.550, 62.435), Vector(-68.866, 0.550, 64.351), Vector(-72.981,
			-1.353, 51.186), Vector(-65.911, -1.450, 54.208), Vector(-74.403, -1.450, 56.112), Vector(-85.046, -1.450, 55.418), Vector(
			-91.241, -1.450, 54.618), Vector(-92.497, -1.450, 44.031), Vector(-89.913, -1.449, 41.992), Vector(-92.843, -1.449, 39.213),
			Vector(-92.313, -1.449, 30.515), Vector(-85.169, -1.450, 28.318), Vector(-28.568, 1.906, 61.271), Vector(-27.647, 2.339,
			70.244), Vector(-33.736, 2.262, 68.061), Vector(-37.028, 2.550, 76.439), Vector(-29.550, 2.550, 75.234), Vector(-22.439, 2.550,
			75.532), Vector(-16.696, 2.550, 80.837), Vector(-16.637, 2.550, 87.773), Vector(-17.679, 2.550, 96.374), Vector(-32.954, 2.550,
			100.357), Vector(-39.503, 2.550, 93.478), Vector(-39.319, 2.550, 84.687), Vector(-6.305, 4.599, 81.489), Vector(7.600, 4.599,
			81.922), Vector(5.203, 4.550, 77.638), Vector(-3.912, 4.550, 78.524), Vector(-53.389, 0.550, 21.649), Vector(-56.434, 2.550,
			37.163), Vector(-56.356, 2.550, 46.043), Vector(-45.500, 2.551, 44.637), Vector(-45.338, 2.551, 39.273), Vector(-49.592, 2.551,
			36.088), Vector(-49.209, 3.156, 28.086), Vector(-46.188, 3.286, 29.733), Vector(-41.316, 3.550, 28.666), Vector(-41.485, 3.550,
			22.986), Vector(-48.444, 3.540, 22.728), Vector(-46.740, 3.583, 18.024), Vector(-90.335, 0.550, 18.474), Vector(-82.314, 2.550,
			5.968), Vector(-68.180, 2.609, 4.863), Vector(-72.841, 2.550, 5.700), Vector(-64.767, 2.550, 9.346), Vector(-65.080, 2.609,
			15.138), Vector(-62.045, 2.609, 8.925), Vector(-53.901, 2.550, 6.763), Vector(-48.488, 2.324, 3.851), Vector(-66.362, 0.550,
			19.548), Vector(-73.090, -1.353, 32.750), Vector(-65.592, -1.450, 29.674), Vector(-72.318, -1.450, 27.165), Vector(22.713,
			9.727, -80.190), Vector(23.031, 9.771, -83.993), Vector(30.088, 9.689, -83.694), Vector(30.153, 9.669, -80.356), Vector(0.864,
			5.800, 106.580), Vector(0.562, 5.553, 115.888), Vector(-15.969, 3.625, 105.061), Vector(0.216, 5.800, 94.324), Vector(17.514,
			7.650, 104.999));
		Global.Healthkits = Array(Vector(-32.058, 4.550, -87.146), Vector(-32.058, 4.550, -87.146), Vector(9.109, 5.553, -21.613), Vector(
			9.109, 5.553, -21.613), Vector(13.089, 3.745, -64.572), Vector(13.089, 3.745, -64.572), Vector(9.029, 5.558, 21.403), Vector(
			9.029, 5.558, 21.403), Vector(-103.230, 8.550, -40.990), Vector(-103.230, 8.550, -40.990), Vector(-22.705, 2.550, -40.985),
			Vector(-45.711, 2.550, -65.993), Vector(-76.813, 5.550, -77.743), Vector(23.483, 4.550, -42.033), Vector(41.029, 5.400,
			-84.040), Vector(75.395, 8.550, -96.419), Vector(75.921, 6.300, -69.376), Vector(92.436, 3.291, -42.019), Vector(75.832, 6.300,
			-14.680), Vector(84.858, 10.550, 10.481), Vector(40.342, 5.400, -0.562), Vector(-27.507, 0.550, 0.042), Vector(-77.808, 2.550,
			8.897), Vector(-44.979, 2.618, -16.007), Vector(-76.518, 5.550, -4.339), Vector(-49.445, 5.550, -41.036), Vector(-23.257,
			2.550, 42.032), Vector(29.532, 5.550, 41.977), Vector(103.831, 10.550, 41.999), Vector(49.331, 8.550, 57.692), Vector(49.342,
			8.550, 26.241), Vector(40.144, 5.447, 84.504), Vector(84.854, 10.550, 73.507), Vector(75.992, 8.550, 95.034), Vector(-32.103,
			4.550, 87.297), Vector(-46.938, 2.545, 90.813), Vector(-57.732, -1.450, 52.670), Vector(-77.389, 2.550, 75.204), Vector(
			-97.534, -1.450, 41.995), Vector(-57.809, -1.450, 31.240), Vector(13.725, 3.749, 64.795));
		Global.ObjectiveA_Nodes = Array(Vector(2.970, 5.680, 4.899), Vector(0.838, 5.680, 4.897), Vector(-1.443, 5.680, 4.676), Vector(
			-3.652, 5.680, 4.676), Vector(-5.909, 5.680, 4.676), Vector(-8.214, 5.680, 4.676), Vector(2.896, 5.680, 2.522), Vector(0.783,
			5.680, 2.569), Vector(-1.508, 5.680, 2.620), Vector(-3.799, 5.680, 2.671), Vector(-5.946, 5.680, 2.719), Vector(-8.291, 5.680,
			2.771), Vector(-8.309, 5.680, 0.609), Vector(-5.754, 5.680, 0.532), Vector(-8.280, 5.680, -1.611), Vector(-5.919, 5.680,
			-1.885), Vector(-1.521, 5.680, -1.935), Vector(-3.648, 5.680, -1.302), Vector(0.813, 5.680, -1.386), Vector(2.902, 5.680,
			-1.387), Vector(2.902, 5.680, 0.709), Vector(0.958, 5.680, 0.744), Vector(2.822, 5.680, -3.442), Vector(0.854, 5.680, -3.458),
			Vector(-1.435, 5.680, -3.509), Vector(-3.635, 5.680, -3.532), Vector(-6.014, 5.680, -3.557), Vector(-8.305, 5.680, -3.580),
			Vector(-8.223, 5.680, -5.653), Vector(-6.022, 5.680, -5.628), Vector(-3.556, 5.680, -5.599), Vector(-1.268, 5.680, -5.572),
			Vector(0.760, 5.680, -5.548), Vector(2.781, 5.680, -5.525), Vector(63.883, 4.324, -37.372), Vector(66.171, 4.324, -37.372),
			Vector(68.456, 4.324, -37.372), Vector(71.447, 4.324, -37.372), Vector(74.521, 4.324, -37.372), Vector(77.336, 4.324, -37.372),
			Vector(77.336, 4.324, -40.456), Vector(74.354, 4.380, -40.456), Vector(71.541, 4.380, -40.456), Vector(68.582, 4.380, -40.456),
			Vector(65.855, 4.378, -40.456), Vector(63.840, 4.323, -40.456), Vector(63.840, 4.323, -43.461), Vector(65.855, 4.380, -43.461),
			Vector(68.554, 4.380, -43.461), Vector(71.639, 4.380, -43.461), Vector(74.369, 4.380, -43.461), Vector(77.357, 4.323, -43.461),
			Vector(77.357, 4.323, -46.069), Vector(74.366, 4.323, -46.069), Vector(71.463, 4.323, -46.069), Vector(68.469, 4.323, -46.069),
			Vector(65.653, 4.323, -46.069), Vector(63.808, 4.323, -46.069), Vector(54.979, 6.550, 36.111), Vector(57.707, 6.550, 36.111),
			Vector(60.347, 6.550, 36.111), Vector(63.074, 6.550, 36.111), Vector(65.714, 6.550, 36.111), Vector(68.793, 6.550, 36.111),
			Vector(68.793, 6.550, 38.563), Vector(65.701, 6.550, 38.437), Vector(62.984, 6.550, 37.971), Vector(60.302, 6.550, 38.314),
			Vector(57.686, 6.550, 38.630), Vector(54.870, 6.550, 38.630), Vector(54.870, 6.550, 41.002), Vector(57.686, 6.550, 41.002),
			Vector(57.923, 6.550, 43.114), Vector(54.753, 6.550, 43.114), Vector(54.753, 6.550, 45.645), Vector(58.011, 6.550, 45.645),
			Vector(58.006, 6.550, 47.798), Vector(54.572, 6.550, 47.798), Vector(55.665, 6.550, 47.798), Vector(68.908, 6.550, 40.853),
			Vector(68.845, 6.550, 43.977), Vector(68.862, 6.550, 45.856), Vector(68.890, 6.550, 48.229), Vector(65.884, 6.550, 44.717),
			Vector(65.600, 6.550, 47.505), Vector(62.265, 6.550, 47.730), Vector(59.640, 6.550, 45.187), Vector(-69.883, 6.560, -38.884),
			Vector(-69.985, 6.560, -42.402), Vector(-75.441, 6.560, -48.198), Vector(-78.784, 6.560, -48.229), Vector(-82.077, 6.560,
			-43.104), Vector(-82.070, 6.560, -40.376), Vector(-82.096, 6.560, -38), Vector(-78.595, 6.560, -33.905), Vector(-75.342, 6.560,
			-33.843), Vector(-78.921, 6.671, -38.063), Vector(-75.106, 6.671, -38.202), Vector(-74.828, 6.671, -42.521), Vector(-78.786,
			6.671, -42.521), Vector(-76.938, 6.671, -41.012), Vector(-72.384, -3.450, 46.144), Vector(-72.444, -3.450, 48.728), Vector(
			-75.054, -3.450, 48.692), Vector(-75.027, -3.450, 46.319), Vector(-77.941, -3.450, 46.393), Vector(-77.971, -2.850, 48.903),
			Vector(-80.817, -2.847, 48.903), Vector(-80.817, -3.450, 46.347), Vector(-83.585, -3.450, 46.347), Vector(-83.585, -2.871,
			48.857), Vector(-86.184, -3.450, 48.857), Vector(-86.184, -3.450, 46.250), Vector(-88.418, -3.450, 46.250), Vector(-88.418,
			-3.450, 48.802), Vector(-71.996, -3.450, 38.230), Vector(-72.062, -3.450, 35.239), Vector(-75.225, -3.450, 35.264), Vector(
			-75.198, -3.450, 37.987), Vector(-78.203, -3.450, 37.987), Vector(-78.221, -2.863, 35.123), Vector(-81.779, -2.860, 35.123),
			Vector(-81.765, -3.450, 38.069), Vector(-85.244, -3.450, 38.069), Vector(-85.276, -3.199, 34.939), Vector(-88.418, -3.450,
			34.939), Vector(-88.342, -3.450, 38.123), Vector(-88.288, -3.450, 42.352), Vector(-83.492, -3.450, 42.910), Vector(-80.858,
			-3.450, 42.910), Vector(-77.691, -3.450, 42.910));
		Global.ObjectiveB_Nodes = Array();
		Global.Chokepoint = Array();
		Global.Staircase_Top = Array(Vector(-7.013, 5.550, -108.617), Vector(-9.383, 5.550, -116.428), Vector(13.549, 7.550, -109.046),
			Vector(14.281, 7.550, -112.400), Vector(-8.227, 5.542, -91.602), Vector(-26.964, 4.550, -92.561), Vector(-34.013, 4.550,
			-107.311), Vector(-42.205, 4.550, -101.693), Vector(-21.623, 3.550, -104.584), Vector(-17.767, 3.550, -102.965), Vector(
			-13.063, 3.550, -100.288), Vector(-50.880, 3.550, -91.879), Vector(-26.939, 4.550, -82.080), Vector(-15.800, 3.550, -72.716),
			Vector(0.497, 4.550, -76.663), Vector(-10.054, 5.551, -87.854), Vector(-3.170, 5.543, -88.573), Vector(0.486, 5.541, -88.940),
			Vector(5.690, 5.543, -88.707), Vector(11.831, 5.544, -87.566), Vector(16.721, 7.550, -102.164), Vector(26.257, 6.550, -96.631),
			Vector(21.183, 7.550, -104.229), Vector(32.833, 7.550, -104.355), Vector(38.885, 7.550, -93.027), Vector(57.442, 8.550,
			-95.383), Vector(68.689, 6.562, -81.532), Vector(71.348, 6.563, -80.918), Vector(69.709, 6.560, -80.531), Vector(69.537, 8.550,
			-88.140), Vector(80.968, 6.300, -73.520), Vector(82.847, 6.300, -58.431), Vector(73.641, 4.287, -50.913), Vector(85.704, 4.294,
			-36.707), Vector(86.228, 4.294, -47.496), Vector(73.706, 4.287, -32.915), Vector(82.838, 6.300, -25.215), Vector(48.849, 8.300,
			-46.102), Vector(49.198, 8.300, -38.195), Vector(44.033, 5.300, -22.335), Vector(38.728, 8.550, -34.976), Vector(48.782, 6.300,
			-20.411), Vector(64.821, 6.300, -17.560), Vector(53.983, 2.564, -14.482), Vector(61.412, 4.299, -11.119), Vector(41.258, 5.400,
			-6.964), Vector(68.530, 6.545, -2.727), Vector(71.265, 6.546, -3.256), Vector(69.285, 6.543, -3.672), Vector(69.780, 8.522,
			2.806), Vector(80.534, 6.300, -10.488), Vector(80.354, 10.550, 8.302), Vector(44.169, 5.300, -61.359), Vector(48.580, 6.300,
			-63.422), Vector(64.866, 6.300, -66.572), Vector(60.976, 4.299, -72.546), Vector(53.736, 2.564, -69.583), Vector(41.343, 5.400,
			-77.453), Vector(26.398, 8.578, -47.189), Vector(26.504, 8.578, -36.969), Vector(38.691, 8.614, -49.252), Vector(25.202, 9.645,
			-1.499), Vector(25.379, 9.645, 1.609), Vector(8.752, 5.550, -5.337), Vector(5.285, 3.550, -18.723), Vector(12.925, 5.550,
			-5.146), Vector(-11.927, 3.387, -65.824), Vector(-18.509, 3.550, -65.732), Vector(-38.188, 6.550, -60.012), Vector(-44.594,
			7.550, -59.886), Vector(-41.640, 4.550, -42.493), Vector(-41.758, 4.550, -39.400), Vector(3.887, 3.550, -43.984), Vector(7.279,
			3.550, -46.885), Vector(9.907, 4.599, -41.452), Vector(-18.375, 5.655, -19.576), Vector(-22.177, 6.551, -2.743), Vector(
			-21.894, 6.550, 0.028), Vector(-22.349, 6.550, 3.036), Vector(-38.051, 6.550, -21.584), Vector(-44.755, 7.528, -21.474),
			Vector(-19.631, 1.550, 0.038), Vector(-37.293, 1.550, 0.002), Vector(-62.415, 5.550, -6.791), Vector(-52.488, 5.550, -32.636),
			Vector(-46.636, 4.550, -30.257), Vector(-50.484, 5.550, -34.831), Vector(-52.596, 5.550, -49.751), Vector(-46.656, 4.550,
			-51.529), Vector(-50.281, 5.551, -47.499), Vector(9.192, 5.550, 5.683), Vector(4.477, 3.550, 19.180), Vector(13.028, 5.550,
			5.511), Vector(-41.105, 3.550, 16.013), Vector(-48.264, 3.549, 13.530), Vector(-17.979, 5.655, 19.616), Vector(-86.715, 7.550,
			-6.828), Vector(-89.440, 6.550, -18.640), Vector(-93.686, 7.550, -11.830), Vector(-94.957, 8.550, -27.438), Vector(-95.215,
			8.550, -54.702), Vector(-89.195, 6.551, -63.354), Vector(-93.760, 7.550, -69.512), Vector(-78.611, 6.550, -53.409), Vector(
			-73.659, 6.550, -53.403), Vector(-71.437, 4.550, -65.828), Vector(-78.405, 6.550, -28.142), Vector(-73.182, 6.550, -28.467),
			Vector(-71.374, 4.550, -16.294), Vector(-74.986, 5.549, -11.667), Vector(-88.658, 8.550, -41.079), Vector(-62.410, 5.550,
			-74.908), Vector(-74.959, 5.550, -69.950), Vector(-87.854, 7.550, -76.160), Vector(25.835, 5.550, 39.797), Vector(25.813,
			5.550, 43.768), Vector(33.172, 6.550, 46.042), Vector(33.270, 6.550, 37.812), Vector(36.901, 8.550, 23.232), Vector(36.870,
			8.550, 60.940), Vector(62.309, 8.550, 23.664), Vector(43.988, 9.550, 29.261), Vector(56.790, 8.302, 6.760), Vector(45.820,
			8.550, 12.938), Vector(77.633, 10.550, 21.887), Vector(77.721, 11.550, 37.895), Vector(77.793, 11.550, 46.308), Vector(80.261,
			10.550, 75.798), Vector(56.401, 8.285, 77.002), Vector(45.963, 8.550, 71.124), Vector(38.805, 7.550, 91.699), Vector(56.983,
			8.550, 95.149), Vector(33.086, 7.550, 104.649), Vector(27.570, 6.550, 95.675), Vector(17.207, 6.550, 95.693), Vector(0.444,
			4.550, 76.079), Vector(11.362, 5.547, 87.583), Vector(4.924, 5.547, 88.670), Vector(0.321, 5.547, 88.726), Vector(-10.431,
			5.547, 87.857), Vector(-9.302, 5.542, 91.442), Vector(-4.013, 5.549, 88.396), Vector(62.541, 8.550, 60.050), Vector(77.448,
			10.550, 61.917), Vector(43.810, 9.608, 55.527), Vector(29.151, 8.337, 48.996), Vector(28.923, 8.337, 35.024), Vector(9.694,
			4.650, 41.631), Vector(-18.304, 3.550, 65.744), Vector(-11.584, 3.401, 66.079), Vector(-16.178, 3.550, 72.499), Vector(-26.927,
			4.550, 81.733), Vector(-26.956, 4.550, 92.900), Vector(-14.794, 3.550, 101.196), Vector(-20.456, 3.550, 103.416), Vector(
			-21.709, 3.550, 104.158), Vector(-34.071, 4.550, 107.247), Vector(-34.146, 4.550, 107.247), Vector(-44.846, 4.550, 101.904),
			Vector(-49.591, 4.550, 96.497), Vector(-48.011, 3.540, 70.284), Vector(-59.455, 2.545, 73.737), Vector(-52.973, 2.550, 49.274),
			Vector(-57.615, 0.550, 61.775), Vector(-63.222, 0.550, 62.025), Vector(-80.849, -0.450, 61.385), Vector(-74.428, 0.550,
			64.152), Vector(-71.248, 2.552, 72.774), Vector(-87.139, 0.550, 64.796), Vector(-85.127, 2.550, 75.351), Vector(-81.169,
			-1.450, 52.739), Vector(-81.019, -1.450, 31.830), Vector(-59.619, 2.550, 41.971), Vector(-41.174, 3.550, 68.029), Vector(
			-80.501, -0.450, 22.771), Vector(-86.692, 0.550, 19.206), Vector(-85.534, 2.550, 9.075), Vector(-71.028, 2.550, 11.273),
			Vector(-62.807, 0.550, 21.947), Vector(-57.269, 0.550, 22.133), Vector(-52.856, 2.550, 34.220), Vector(-54.186, 2.550, 11.791),
			Vector(-59.056, 2.550, 10.271), Vector(13.412, 7.550, 107.974), Vector(14.737, 7.552, 112.261), Vector(-8.844, 5.550, 115.396),
			Vector(-7.969, 5.550, 106.270), Vector(18.983, 7.550, 102.031), Vector(23.217, 7.550, 103.797), Vector(14.409, 7.550,
			100.508));
		Global.Staircase_Bottom = Array(Vector(-12.662, 3.550, -109.709), Vector(-13.143, 3.627, -113.080), Vector(8.106, 5.550, -108.940),
			Vector(10.723, 5.550, -116.421), Vector(-9.511, 3.550, -97.034), Vector(-26.954, 2.551, -97.930), Vector(-28.160, 2.550,
			-107.490), Vector(-40.752, 2.550, -96.526), Vector(-24.489, 2.550, -103.636), Vector(-18.822, 2.568, -100.609), Vector(-15.245,
			2.550, -98.744), Vector(-52.578, 2.550, -89.065), Vector(-26.695, 2.550, -76.466), Vector(-18.101, 2.550, -74.929), Vector(
			0.577, 3.550, -73.196), Vector(-8.514, 4.550, -85.176), Vector(-3.213, 4.550, -85.575), Vector(0.495, 4.548, -85.239), Vector(
			5.601, 4.550, -85.553), Vector(9.681, 4.550, -85.124), Vector(16.891, 5.542, -93.620), Vector(26.877, 5.541, -92.938), Vector(
			23.738, 6.550, -101.214), Vector(29.672, 6.550, -104.174), Vector(38.417, 5.541, -87.446), Vector(52.256, 7.550, -95.307),
			Vector(64.853, 4.299, -77.285), Vector(71.334, 4.299, -75.138), Vector(68.202, 4.299, -75.370), Vector(70.151, 6.772, -83.143),
			Vector(75.414, 4.300, -73.803), Vector(82.712, 4.327, -53.750), Vector(66.479, 1.334, -50.756), Vector(88.226, 3.291, -39.057),
			Vector(88.370, 3.291, -45.363), Vector(66.308, 1.300, -32.949), Vector(82.883, 4.289, -30.790), Vector(60.869, 4.474, -45.239),
			Vector(61.499, 4.322, -39.135), Vector(50.238, 1.417, -30.380), Vector(38.712, 5.300, -27.840), Vector(45.775, 5.300, -20.359),
			Vector(65.057, 4.308, -12.669), Vector(53.990, 1.245, -18.842), Vector(56.703, 2.564, -11.200), Vector(48.863, 2.564, -8.757),
			Vector(64.942, 4.299, -6.795), Vector(71.066, 4.299, -8.671), Vector(68.451, 4.299, -8.667), Vector(69.891, 6.547, -2.374),
			Vector(75.486, 4.300, -10.437), Vector(75.271, 8.550, 8.265), Vector(50.375, 1.349, -53.996), Vector(45.549, 5.300, -63.480),
			Vector(65.004, 4.299, -71.334), Vector(56.572, 2.564, -72.364), Vector(53.660, 1.319, -64.480), Vector(48.539, 2.564, -76.204),
			Vector(30.092, 4.582, -56.383), Vector(30.552, 4.557, -27.546), Vector(38.650, 5.300, -56.061), Vector(30.604, 5.650, -4.825),
			Vector(30.483, 5.650, 4.471), Vector(1.689, 2.550, -11.809), Vector(0.896, 2.550, -18.191), Vector(12.739, 3.550, -10.470),
			Vector(-15.205, 2.426, -62.914), Vector(-22.624, 2.088, -66.064), Vector(-41.273, 2.550, -71.438), Vector(-41.930, 6.550,
			-57.283), Vector(-30.133, 2.550, -47.583), Vector(-30.469, 2.550, -34.552), Vector(1.527, 2.552, -46.004), Vector(5.048, 2.551,
			-49.273), Vector(7.704, 3.578, -43.492), Vector(-9.266, 2.550, -28.187), Vector(-27.635, 1.550, -15.539), Vector(-25.491,
			5.548, -0.066), Vector(-28.334, 1.550, 15.307), Vector(-40.704, 1.550, -10.328), Vector(-40.831, 6.550, -24.929), Vector(
			-24.160, 0.550, 0.030), Vector(-32.315, 0.550, -0.076), Vector(-53.051, 2.550, -6.145), Vector(-51.875, 2.619, -25.838),
			Vector(-47.696, 2.566, -25.221), Vector(-47.409, 4.550, -34.408), Vector(-52.859, 2.550, -56.720), Vector(-48.497, 2.550,
			-56.504), Vector(-47.305, 4.550, -48.170), Vector(1.358, 2.550, 11.620), Vector(0.854, 2.550, 19.049), Vector(12.324, 3.550,
			10.741), Vector(-41.105, 1.550, 10.389), Vector(-51.170, 2.609, 10.680), Vector(-9.057, 2.550, 27.782), Vector(-84.163, 5.554,
			-2.288), Vector(-84.882, 4.641, -18.687), Vector(-93.876, 6.550, -15.509), Vector(-94.577, 6.549, -22.657), Vector(-95.069,
			6.550, -59.455), Vector(-84.642, 4.550, -63.624), Vector(-93.744, 6.551, -66.632), Vector(-79.280, 4.550, -58.352), Vector(
			-72.838, 4.550, -59.322), Vector(-64.223, 2.550, -67.256), Vector(-79.339, 4.550, -23.252), Vector(-73.036, 4.550, -22.931),
			Vector(-63.350, 2.550, -15.191), Vector(-76.088, 4.550, -14.559), Vector(-83.215, 6.560, -41.194), Vector(-53.006, 2.550,
			-75.934), Vector(-76.221, 4.550, -67.107), Vector(-83.837, 5.568, -80.145), Vector(22.310, 4.400, 39.864), Vector(22.429,
			4.402, 43.591), Vector(29.938, 5.550, 45.860), Vector(30.120, 5.550, 37.804), Vector(36.932, 6.550, 35.628), Vector(36.806,
			6.550, 48.231), Vector(62.316, 6.599, 30.527), Vector(43.837, 8.589, 25.287), Vector(42.643, 5.431, 6.188), Vector(38.570,
			5.400, 7.844), Vector(71.882, 8.563, 21.783), Vector(77.807, 10.550, 34.536), Vector(77.661, 10.550, 49.453), Vector(75.135,
			8.550, 75.680), Vector(42.208, 5.451, 77.378), Vector(38.643, 5.448, 76.711), Vector(38.533, 5.550, 86.624), Vector(53.427,
			7.550, 95.186), Vector(29.429, 6.550, 105.491), Vector(28.026, 5.541, 92.321), Vector(17.455, 5.541, 92.299), Vector(0.384,
			3.550, 72.929), Vector(9.297, 4.550, 85.214), Vector(4.803, 4.550, 85.533), Vector(0.216, 4.550, 85.555), Vector(-8.657, 4.550,
			84.857), Vector(-9.416, 3.550, 96.321), Vector(-3.308, 4.550, 85.131), Vector(62.297, 6.550, 53.277), Vector(72.598, 8.575,
			62.152), Vector(43.886, 8.727, 58.446), Vector(30.871, 4.640, 57.255), Vector(31.052, 4.562, 27.406), Vector(4.002, 2.552,
			47.677), Vector(-22.444, 2.095, 65.685), Vector(-22.909, 1.955, 61.645), Vector(-18.784, 2.550, 74.805), Vector(-26.828, 2.550,
			76.554), Vector(-26.932, 2.550, 98.058), Vector(-17.209, 2.550, 98.698), Vector(-22.230, 2.550, 100.701), Vector(-24.785,
			2.550, 104.834), Vector(-28.351, 2.550, 107.201), Vector(-28.351, 2.550, 107.201), Vector(-40.087, 2.550, 97.765), Vector(
			-50.021, 2.546, 90.704), Vector(-57.224, 0.549, 68.176), Vector(-59.371, 0.550, 68.272), Vector(-52.918, 0.550, 55.955),
			Vector(-57.902, -1.450, 56.275), Vector(-62.854, -1.450, 56.567), Vector(-80.978, -1.450, 57.875), Vector(-77.297, -0.448, 64),
			Vector(-71.099, 0.550, 67.675), Vector(-83.680, -0.450, 63.968), Vector(-89.578, 0.550, 71.831), Vector(-81.053, -3.408,
			47.786), Vector(-81.169, -3.412, 36.225), Vector(-76.324, -3.450, 42.092), Vector(-40.945, 2.550, 71.887), Vector(-80.689,
			-1.450, 25.933), Vector(-83.334, -0.450, 19.400), Vector(-89.555, 0.550, 12.462), Vector(-71.183, 0.550, 16.514), Vector(
			-62.672, -1.381, 26.912), Vector(-57.373, -1.450, 27.526), Vector(-52.794, 0.550, 28.553), Vector(-56.230, 0.550, 16.363),
			Vector(-59.004, 0.549, 15.448), Vector(8.057, 5.550, 107.362), Vector(12.473, 5.550, 116.501), Vector(-14.060, 3.550, 112.288),
			Vector(-12.504, 3.550, 108.052), Vector(20.384, 6.549, 99.135), Vector(25.873, 6.550, 102.907), Vector(14.366, 6.550, 96.809));
		Global.Healthkits_Small = Array(Vector(9.109, 5.553, -21.613), Vector(13.089, 3.745, -64.572), Vector(9.029, 5.558, 21.403),
			Vector(-103.230, 8.550, -40.990), Vector(-45.711, 2.550, -65.993), Vector(-76.813, 5.550, -77.743), Vector(75.395, 8.550,
			-96.419), Vector(75.921, 6.300, -69.376), Vector(92.436, 3.291, -42.019), Vector(75.832, 6.300, -14.680), Vector(84.858,
			10.550, 10.481), Vector(-77.808, 2.550, 8.897), Vector(-44.979, 2.618, -16.007), Vector(-76.518, 5.550, -4.339), Vector(
			-49.445, 5.550, -41.036), Vector(49.331, 8.550, 57.692), Vector(49.342, 8.550, 26.241), Vector(84.854, 10.550, 73.507), Vector(
			75.992, 8.550, 95.034), Vector(-46.938, 2.545, 90.813), Vector(-57.732, -1.450, 52.670), Vector(-77.389, 2.550, 75.204),
			Vector(-97.534, -1.450, 41.995), Vector(-57.809, -1.450, 31.240), Vector(13.725, 3.749, 64.795));
		Global.Healthkits_Large = Array(Vector(-32.058, 4.550, -87.146), Vector(-22.705, 2.550, -40.985), Vector(23.483, 4.550, -42.033),
			Vector(41.029, 5.400, -84.040), Vector(40.342, 5.400, -0.562), Vector(-27.507, 0.550, 0.042), Vector(-23.257, 2.550, 42.032),
			Vector(29.532, 5.550, 41.977), Vector(103.831, 10.550, 41.999), Vector(40.144, 5.447, 84.504), Vector(-32.103, 4.550, 87.297));
		Global.Staircase_Middle = Array(0, 0, 0, 0, 0, 0, 0, Vector(-44.045, 3.550, -96.565), 0, 0, 0, 0, 0, 0, 0, 0, 0, 0, 0, 0, Vector(
			17.536, 6.550, -97.475), 0, 0, 0, 0, 0, 0, 0, 0, 0, 0, 0, 0, 0, 0, 0, 0, Vector(57.181, 6.300, -49.299), Vector(56.271, 6.302,
			-34.856), Vector(44.089, 3.300, -29.956), 0, 0, 0, 0, 0, 0, 0, 0, 0, 0, 0, 0, Vector(44.160, 3.300, -54.135), 0, 0, 0, 0, 0,
			Vector(29.840, 6.510, -51.481), Vector(30.396, 6.539, -32.814), 0, Vector(24.649, 8.517, -4.666), Vector(24.981, 8.526, 4.499),
			Vector(8.146, 3.551, -11.599), 0, 0, 0, 0, Vector(-41.247, 4.058, -66.035), 0, Vector(-33.786, 3.550, -43.585), Vector(-33.676,
			3.550, -38.369), 0, 0, 0, Vector(-15.472, 3.550, -27.799), Vector(-27.776, 5.550, -6.346), 0, Vector(-27.758, 5.550, 6.178),
			Vector(-40.772, 4.624, -16.848), 0, 0, 0, Vector(-57.874, 4.550, -8.258), 0, 0, 0, 0, 0, 0, Vector(7.990, 3.550, 11.650), 0, 0,
			0, 0, Vector(-16.379, 3.550, 27.547), 0, 0, 0, 0, 0, 0, 0, 0, 0, Vector(-68.360, 3.550, -68.618), 0, 0, Vector(-67.914, 3.550,
			-13.158), 0, 0, Vector(-57.256, 4.550, -74.096), 0, 0, 0, 0, 0, 0, 0, 0, 0, 0, Vector(51.551, 7.275, 7.005), Vector(39.023,
			6.550, 12.819), 0, 0, 0, 0, Vector(51.665, 7.302, 77.513), Vector(39.256, 6.550, 71.095), 0, 0, 0, 0, 0, 0, 0, 0, 0, 0, 0, 0,
			0, 0, 0, Vector(30.859, 6.058, 53.739), Vector(31.180, 6.059, 30.700), 0, 0, Vector(-16.187, 2.397, 61.642), 0, 0, 0, 0, 0, 0,
			0, 0, Vector(-42.755, 3.663, 99.574), 0, Vector(-52.758, 2.545, 74.570), 0, 0, 0, 0, 0, 0, 0, 0, 0, 0, 0, Vector(-70.877,
			-1.450, 41.869), 0, 0, 0, 0, 0, 0, 0, 0, 0, 0, 0, 0, 0, 0, 0, 0, 0);
		Global.Jump_Start = Array();
		Global.Jump_End = Array();
	}
